C:\Users\Shreyas Rawat\Downloads\simulator-windows-64\IMG\center_2024_02_20_18_55_23_619.jpg, C:\Users\Shreyas Rawat\Downloads\simulator-windows-64\IMG\left_2024_02_20_18_55_23_619.jpg, C:\Users\Shreyas Rawat\Downloads\simulator-windows-64\IMG\right_2024_02_20_18_55_23_619.jpg, 0, 0, 0, 7.801635E-05
C:\Users\Shreyas Rawat\Downloads\simulator-windows-64\IMG\center_2024_02_20_18_55_23_721.jpg, C:\Users\Shreyas Rawat\Downloads\simulator-windows-64\IMG\left_2024_02_20_18_55_23_721.jpg, C:\Users\Shreyas Rawat\Downloads\simulator-windows-64\IMG\right_2024_02_20_18_55_23_721.jpg, 0, 0, 0, 7.997358E-05
C:\Users\Shreyas Rawat\Downloads\simulator-windows-64\IMG\center_2024_02_20_18_55_23_827.jpg, C:\Users\Shreyas Rawat\Downloads\simulator-windows-64\IMG\left_2024_02_20_18_55_23_827.jpg, C:\Users\Shreyas Rawat\Downloads\simulator-windows-64\IMG\right_2024_02_20_18_55_23_827.jpg, 0, 0, 0, 7.774053E-05
C:\Users\Shreyas Rawat\Downloads\simulator-windows-64\IMG\center_2024_02_20_18_55_23_927.jpg, C:\Users\Shreyas Rawat\Downloads\simulator-windows-64\IMG\left_2024_02_20_18_55_23_927.jpg, C:\Users\Shreyas Rawat\Downloads\simulator-windows-64\IMG\right_2024_02_20_18_55_23_927.jpg, 0, 0, 0, 8.323407E-05
C:\Users\Shreyas Rawat\Downloads\simulator-windows-64\IMG\center_2024_02_20_18_55_24_034.jpg, C:\Users\Shreyas Rawat\Downloads\simulator-windows-64\IMG\left_2024_02_20_18_55_24_034.jpg, C:\Users\Shreyas Rawat\Downloads\simulator-windows-64\IMG\right_2024_02_20_18_55_24_034.jpg, 0, 0, 0, 7.821608E-05
C:\Users\Shreyas Rawat\Downloads\simulator-windows-64\IMG\center_2024_02_20_18_55_24_135.jpg, C:\Users\Shreyas Rawat\Downloads\simulator-windows-64\IMG\left_2024_02_20_18_55_24_135.jpg, C:\Users\Shreyas Rawat\Downloads\simulator-windows-64\IMG\right_2024_02_20_18_55_24_135.jpg, 0, 0, 0, 7.965145E-05
C:\Users\Shreyas Rawat\Downloads\simulator-windows-64\IMG\center_2024_02_20_18_55_24_235.jpg, C:\Users\Shreyas Rawat\Downloads\simulator-windows-64\IMG\left_2024_02_20_18_55_24_235.jpg, C:\Users\Shreyas Rawat\Downloads\simulator-windows-64\IMG\right_2024_02_20_18_55_24_235.jpg, 0, 0, 0, 8.126506E-05
C:\Users\Shreyas Rawat\Downloads\simulator-windows-64\IMG\center_2024_02_20_18_55_24_342.jpg, C:\Users\Shreyas Rawat\Downloads\simulator-windows-64\IMG\left_2024_02_20_18_55_24_342.jpg, C:\Users\Shreyas Rawat\Downloads\simulator-windows-64\IMG\right_2024_02_20_18_55_24_342.jpg, 0, 0, 0, 7.808574E-05
C:\Users\Shreyas Rawat\Downloads\simulator-windows-64\IMG\center_2024_02_20_18_55_24_448.jpg, C:\Users\Shreyas Rawat\Downloads\simulator-windows-64\IMG\left_2024_02_20_18_55_24_448.jpg, C:\Users\Shreyas Rawat\Downloads\simulator-windows-64\IMG\right_2024_02_20_18_55_24_448.jpg, 0, 0.1339515, 0, 0.03753691
C:\Users\Shreyas Rawat\Downloads\simulator-windows-64\IMG\center_2024_02_20_18_55_24_557.jpg, C:\Users\Shreyas Rawat\Downloads\simulator-windows-64\IMG\left_2024_02_20_18_55_24_557.jpg, C:\Users\Shreyas Rawat\Downloads\simulator-windows-64\IMG\right_2024_02_20_18_55_24_557.jpg, 0, 0.4973451, 0, 0.5497056
C:\Users\Shreyas Rawat\Downloads\simulator-windows-64\IMG\center_2024_02_20_18_55_24_663.jpg, C:\Users\Shreyas Rawat\Downloads\simulator-windows-64\IMG\left_2024_02_20_18_55_24_663.jpg, C:\Users\Shreyas Rawat\Downloads\simulator-windows-64\IMG\right_2024_02_20_18_55_24_663.jpg, -0.2345793, 0.7939561, 0, 1.330173
C:\Users\Shreyas Rawat\Downloads\simulator-windows-64\IMG\center_2024_02_20_18_55_24_768.jpg, C:\Users\Shreyas Rawat\Downloads\simulator-windows-64\IMG\left_2024_02_20_18_55_24_768.jpg, C:\Users\Shreyas Rawat\Downloads\simulator-windows-64\IMG\right_2024_02_20_18_55_24_768.jpg, -0.1051707, 1, 0, 2.516206
C:\Users\Shreyas Rawat\Downloads\simulator-windows-64\IMG\center_2024_02_20_18_55_24_875.jpg, C:\Users\Shreyas Rawat\Downloads\simulator-windows-64\IMG\left_2024_02_20_18_55_24_875.jpg, C:\Users\Shreyas Rawat\Downloads\simulator-windows-64\IMG\right_2024_02_20_18_55_24_875.jpg, 0, 1, 0, 3.925915
C:\Users\Shreyas Rawat\Downloads\simulator-windows-64\IMG\center_2024_02_20_18_55_24_979.jpg, C:\Users\Shreyas Rawat\Downloads\simulator-windows-64\IMG\left_2024_02_20_18_55_24_979.jpg, C:\Users\Shreyas Rawat\Downloads\simulator-windows-64\IMG\right_2024_02_20_18_55_24_979.jpg, -0.165213, 1, 0, 5.088404
C:\Users\Shreyas Rawat\Downloads\simulator-windows-64\IMG\center_2024_02_20_18_55_25_083.jpg, C:\Users\Shreyas Rawat\Downloads\simulator-windows-64\IMG\left_2024_02_20_18_55_25_083.jpg, C:\Users\Shreyas Rawat\Downloads\simulator-windows-64\IMG\right_2024_02_20_18_55_25_083.jpg, -0.3564948, 1, 0, 6.216012
C:\Users\Shreyas Rawat\Downloads\simulator-windows-64\IMG\center_2024_02_20_18_55_25_188.jpg, C:\Users\Shreyas Rawat\Downloads\simulator-windows-64\IMG\left_2024_02_20_18_55_25_188.jpg, C:\Users\Shreyas Rawat\Downloads\simulator-windows-64\IMG\right_2024_02_20_18_55_25_188.jpg, -0.04230154, 1, 0, 7.360568
C:\Users\Shreyas Rawat\Downloads\simulator-windows-64\IMG\center_2024_02_20_18_55_25_294.jpg, C:\Users\Shreyas Rawat\Downloads\simulator-windows-64\IMG\left_2024_02_20_18_55_25_294.jpg, C:\Users\Shreyas Rawat\Downloads\simulator-windows-64\IMG\right_2024_02_20_18_55_25_294.jpg, 0, 1, 0, 8.489576
C:\Users\Shreyas Rawat\Downloads\simulator-windows-64\IMG\center_2024_02_20_18_55_25_397.jpg, C:\Users\Shreyas Rawat\Downloads\simulator-windows-64\IMG\left_2024_02_20_18_55_25_397.jpg, C:\Users\Shreyas Rawat\Downloads\simulator-windows-64\IMG\right_2024_02_20_18_55_25_397.jpg, -0.1576983, 1, 0, 9.829346
C:\Users\Shreyas Rawat\Downloads\simulator-windows-64\IMG\center_2024_02_20_18_55_25_500.jpg, C:\Users\Shreyas Rawat\Downloads\simulator-windows-64\IMG\left_2024_02_20_18_55_25_500.jpg, C:\Users\Shreyas Rawat\Downloads\simulator-windows-64\IMG\right_2024_02_20_18_55_25_500.jpg, -0.4655364, 1, 0, 10.87654
C:\Users\Shreyas Rawat\Downloads\simulator-windows-64\IMG\center_2024_02_20_18_55_25_606.jpg, C:\Users\Shreyas Rawat\Downloads\simulator-windows-64\IMG\left_2024_02_20_18_55_25_606.jpg, C:\Users\Shreyas Rawat\Downloads\simulator-windows-64\IMG\right_2024_02_20_18_55_25_606.jpg, -0.4386524, 1, 0, 12.0296
C:\Users\Shreyas Rawat\Downloads\simulator-windows-64\IMG\center_2024_02_20_18_55_25_713.jpg, C:\Users\Shreyas Rawat\Downloads\simulator-windows-64\IMG\left_2024_02_20_18_55_25_713.jpg, C:\Users\Shreyas Rawat\Downloads\simulator-windows-64\IMG\right_2024_02_20_18_55_25_713.jpg, -0.1454768, 1, 0, 12.89506
C:\Users\Shreyas Rawat\Downloads\simulator-windows-64\IMG\center_2024_02_20_18_55_25_817.jpg, C:\Users\Shreyas Rawat\Downloads\simulator-windows-64\IMG\left_2024_02_20_18_55_25_817.jpg, C:\Users\Shreyas Rawat\Downloads\simulator-windows-64\IMG\right_2024_02_20_18_55_25_817.jpg, 0, 1, 0, 14.23892
C:\Users\Shreyas Rawat\Downloads\simulator-windows-64\IMG\center_2024_02_20_18_55_25_920.jpg, C:\Users\Shreyas Rawat\Downloads\simulator-windows-64\IMG\left_2024_02_20_18_55_25_920.jpg, C:\Users\Shreyas Rawat\Downloads\simulator-windows-64\IMG\right_2024_02_20_18_55_25_920.jpg, -0.1048308, 1, 0, 15.37134
C:\Users\Shreyas Rawat\Downloads\simulator-windows-64\IMG\center_2024_02_20_18_55_26_028.jpg, C:\Users\Shreyas Rawat\Downloads\simulator-windows-64\IMG\left_2024_02_20_18_55_26_028.jpg, C:\Users\Shreyas Rawat\Downloads\simulator-windows-64\IMG\right_2024_02_20_18_55_26_028.jpg, -0.4025001, 1, 0, 16.29058
C:\Users\Shreyas Rawat\Downloads\simulator-windows-64\IMG\center_2024_02_20_18_55_26_128.jpg, C:\Users\Shreyas Rawat\Downloads\simulator-windows-64\IMG\left_2024_02_20_18_55_26_128.jpg, C:\Users\Shreyas Rawat\Downloads\simulator-windows-64\IMG\right_2024_02_20_18_55_26_128.jpg, -0.3997452, 1, 0, 17.29173
C:\Users\Shreyas Rawat\Downloads\simulator-windows-64\IMG\center_2024_02_20_18_55_26_235.jpg, C:\Users\Shreyas Rawat\Downloads\simulator-windows-64\IMG\left_2024_02_20_18_55_26_235.jpg, C:\Users\Shreyas Rawat\Downloads\simulator-windows-64\IMG\right_2024_02_20_18_55_26_235.jpg, -0.0555861, 1, 0, 18.54466
C:\Users\Shreyas Rawat\Downloads\simulator-windows-64\IMG\center_2024_02_20_18_55_26_338.jpg, C:\Users\Shreyas Rawat\Downloads\simulator-windows-64\IMG\left_2024_02_20_18_55_26_338.jpg, C:\Users\Shreyas Rawat\Downloads\simulator-windows-64\IMG\right_2024_02_20_18_55_26_338.jpg, 0, 1, 0, 19.51444
C:\Users\Shreyas Rawat\Downloads\simulator-windows-64\IMG\center_2024_02_20_18_55_26_444.jpg, C:\Users\Shreyas Rawat\Downloads\simulator-windows-64\IMG\left_2024_02_20_18_55_26_444.jpg, C:\Users\Shreyas Rawat\Downloads\simulator-windows-64\IMG\right_2024_02_20_18_55_26_444.jpg, 0, 1, 0, 20.55614
C:\Users\Shreyas Rawat\Downloads\simulator-windows-64\IMG\center_2024_02_20_18_55_26_545.jpg, C:\Users\Shreyas Rawat\Downloads\simulator-windows-64\IMG\left_2024_02_20_18_55_26_545.jpg, C:\Users\Shreyas Rawat\Downloads\simulator-windows-64\IMG\right_2024_02_20_18_55_26_545.jpg, -0.3033465, 1, 0, 21.50608
C:\Users\Shreyas Rawat\Downloads\simulator-windows-64\IMG\center_2024_02_20_18_55_26_654.jpg, C:\Users\Shreyas Rawat\Downloads\simulator-windows-64\IMG\left_2024_02_20_18_55_26_654.jpg, C:\Users\Shreyas Rawat\Downloads\simulator-windows-64\IMG\right_2024_02_20_18_55_26_654.jpg, -0.5960129, 1, 0, 22.33005
C:\Users\Shreyas Rawat\Downloads\simulator-windows-64\IMG\center_2024_02_20_18_55_26_758.jpg, C:\Users\Shreyas Rawat\Downloads\simulator-windows-64\IMG\left_2024_02_20_18_55_26_758.jpg, C:\Users\Shreyas Rawat\Downloads\simulator-windows-64\IMG\right_2024_02_20_18_55_26_758.jpg, -0.2858768, 1, 0, 23.46135
C:\Users\Shreyas Rawat\Downloads\simulator-windows-64\IMG\center_2024_02_20_18_55_26_859.jpg, C:\Users\Shreyas Rawat\Downloads\simulator-windows-64\IMG\left_2024_02_20_18_55_26_859.jpg, C:\Users\Shreyas Rawat\Downloads\simulator-windows-64\IMG\right_2024_02_20_18_55_26_859.jpg, 0, 1, 0, 24.42146
C:\Users\Shreyas Rawat\Downloads\simulator-windows-64\IMG\center_2024_02_20_18_55_26_967.jpg, C:\Users\Shreyas Rawat\Downloads\simulator-windows-64\IMG\left_2024_02_20_18_55_26_967.jpg, C:\Users\Shreyas Rawat\Downloads\simulator-windows-64\IMG\right_2024_02_20_18_55_26_967.jpg, 0, 1, 0, 25.37471
C:\Users\Shreyas Rawat\Downloads\simulator-windows-64\IMG\center_2024_02_20_18_55_27_070.jpg, C:\Users\Shreyas Rawat\Downloads\simulator-windows-64\IMG\left_2024_02_20_18_55_27_070.jpg, C:\Users\Shreyas Rawat\Downloads\simulator-windows-64\IMG\right_2024_02_20_18_55_27_070.jpg, 0, 1, 0, 26.3256
C:\Users\Shreyas Rawat\Downloads\simulator-windows-64\IMG\center_2024_02_20_18_55_27_173.jpg, C:\Users\Shreyas Rawat\Downloads\simulator-windows-64\IMG\left_2024_02_20_18_55_27_173.jpg, C:\Users\Shreyas Rawat\Downloads\simulator-windows-64\IMG\right_2024_02_20_18_55_27_173.jpg, 0, 1, 0, 27.26913
C:\Users\Shreyas Rawat\Downloads\simulator-windows-64\IMG\center_2024_02_20_18_55_27_274.jpg, C:\Users\Shreyas Rawat\Downloads\simulator-windows-64\IMG\left_2024_02_20_18_55_27_274.jpg, C:\Users\Shreyas Rawat\Downloads\simulator-windows-64\IMG\right_2024_02_20_18_55_27_274.jpg, 0, 1, 0, 28.3889
C:\Users\Shreyas Rawat\Downloads\simulator-windows-64\IMG\center_2024_02_20_18_55_27_377.jpg, C:\Users\Shreyas Rawat\Downloads\simulator-windows-64\IMG\left_2024_02_20_18_55_27_377.jpg, C:\Users\Shreyas Rawat\Downloads\simulator-windows-64\IMG\right_2024_02_20_18_55_27_377.jpg, -0.1461501, 1, 0, 29.30416
C:\Users\Shreyas Rawat\Downloads\simulator-windows-64\IMG\center_2024_02_20_18_55_27_481.jpg, C:\Users\Shreyas Rawat\Downloads\simulator-windows-64\IMG\left_2024_02_20_18_55_27_481.jpg, C:\Users\Shreyas Rawat\Downloads\simulator-windows-64\IMG\right_2024_02_20_18_55_27_481.jpg, -0.4594926, 1, 0, 30.09126
C:\Users\Shreyas Rawat\Downloads\simulator-windows-64\IMG\center_2024_02_20_18_55_27_585.jpg, C:\Users\Shreyas Rawat\Downloads\simulator-windows-64\IMG\left_2024_02_20_18_55_27_585.jpg, C:\Users\Shreyas Rawat\Downloads\simulator-windows-64\IMG\right_2024_02_20_18_55_27_585.jpg, -0.1714473, 1, 0, 30.19196
C:\Users\Shreyas Rawat\Downloads\simulator-windows-64\IMG\center_2024_02_20_18_55_27_689.jpg, C:\Users\Shreyas Rawat\Downloads\simulator-windows-64\IMG\left_2024_02_20_18_55_27_689.jpg, C:\Users\Shreyas Rawat\Downloads\simulator-windows-64\IMG\right_2024_02_20_18_55_27_689.jpg, 0, 1, 0, 30.18901
C:\Users\Shreyas Rawat\Downloads\simulator-windows-64\IMG\center_2024_02_20_18_55_27_797.jpg, C:\Users\Shreyas Rawat\Downloads\simulator-windows-64\IMG\left_2024_02_20_18_55_27_797.jpg, C:\Users\Shreyas Rawat\Downloads\simulator-windows-64\IMG\right_2024_02_20_18_55_27_797.jpg, 0, 1, 0, 30.19016
C:\Users\Shreyas Rawat\Downloads\simulator-windows-64\IMG\center_2024_02_20_18_55_27_900.jpg, C:\Users\Shreyas Rawat\Downloads\simulator-windows-64\IMG\left_2024_02_20_18_55_27_900.jpg, C:\Users\Shreyas Rawat\Downloads\simulator-windows-64\IMG\right_2024_02_20_18_55_27_900.jpg, 0, 1, 0, 30.19028
C:\Users\Shreyas Rawat\Downloads\simulator-windows-64\IMG\center_2024_02_20_18_55_28_006.jpg, C:\Users\Shreyas Rawat\Downloads\simulator-windows-64\IMG\left_2024_02_20_18_55_28_006.jpg, C:\Users\Shreyas Rawat\Downloads\simulator-windows-64\IMG\right_2024_02_20_18_55_28_006.jpg, -0.0802212, 1, 0, 30.18898
C:\Users\Shreyas Rawat\Downloads\simulator-windows-64\IMG\center_2024_02_20_18_55_28_107.jpg, C:\Users\Shreyas Rawat\Downloads\simulator-windows-64\IMG\left_2024_02_20_18_55_28_107.jpg, C:\Users\Shreyas Rawat\Downloads\simulator-windows-64\IMG\right_2024_02_20_18_55_28_107.jpg, -0.384354, 1, 0, 30.15806
C:\Users\Shreyas Rawat\Downloads\simulator-windows-64\IMG\center_2024_02_20_18_55_28_210.jpg, C:\Users\Shreyas Rawat\Downloads\simulator-windows-64\IMG\left_2024_02_20_18_55_28_210.jpg, C:\Users\Shreyas Rawat\Downloads\simulator-windows-64\IMG\right_2024_02_20_18_55_28_210.jpg, -0.2800473, 1, 0, 30.18848
C:\Users\Shreyas Rawat\Downloads\simulator-windows-64\IMG\center_2024_02_20_18_55_28_315.jpg, C:\Users\Shreyas Rawat\Downloads\simulator-windows-64\IMG\left_2024_02_20_18_55_28_315.jpg, C:\Users\Shreyas Rawat\Downloads\simulator-windows-64\IMG\right_2024_02_20_18_55_28_315.jpg, 0, 1, 0, 30.18694
C:\Users\Shreyas Rawat\Downloads\simulator-windows-64\IMG\center_2024_02_20_18_55_28_417.jpg, C:\Users\Shreyas Rawat\Downloads\simulator-windows-64\IMG\left_2024_02_20_18_55_28_417.jpg, C:\Users\Shreyas Rawat\Downloads\simulator-windows-64\IMG\right_2024_02_20_18_55_28_417.jpg, 0, 1, 0, 30.19011
C:\Users\Shreyas Rawat\Downloads\simulator-windows-64\IMG\center_2024_02_20_18_55_28_522.jpg, C:\Users\Shreyas Rawat\Downloads\simulator-windows-64\IMG\left_2024_02_20_18_55_28_522.jpg, C:\Users\Shreyas Rawat\Downloads\simulator-windows-64\IMG\right_2024_02_20_18_55_28_522.jpg, 0, 1, 0, 30.19028
C:\Users\Shreyas Rawat\Downloads\simulator-windows-64\IMG\center_2024_02_20_18_55_28_627.jpg, C:\Users\Shreyas Rawat\Downloads\simulator-windows-64\IMG\left_2024_02_20_18_55_28_627.jpg, C:\Users\Shreyas Rawat\Downloads\simulator-windows-64\IMG\right_2024_02_20_18_55_28_627.jpg, 0, 1, 0, 30.19032
C:\Users\Shreyas Rawat\Downloads\simulator-windows-64\IMG\center_2024_02_20_18_55_28_730.jpg, C:\Users\Shreyas Rawat\Downloads\simulator-windows-64\IMG\left_2024_02_20_18_55_28_730.jpg, C:\Users\Shreyas Rawat\Downloads\simulator-windows-64\IMG\right_2024_02_20_18_55_28_730.jpg, 0, 1, 0, 30.19029
C:\Users\Shreyas Rawat\Downloads\simulator-windows-64\IMG\center_2024_02_20_18_55_28_837.jpg, C:\Users\Shreyas Rawat\Downloads\simulator-windows-64\IMG\left_2024_02_20_18_55_28_837.jpg, C:\Users\Shreyas Rawat\Downloads\simulator-windows-64\IMG\right_2024_02_20_18_55_28_837.jpg, 0, 1, 0, 30.19031
C:\Users\Shreyas Rawat\Downloads\simulator-windows-64\IMG\center_2024_02_20_18_55_28_944.jpg, C:\Users\Shreyas Rawat\Downloads\simulator-windows-64\IMG\left_2024_02_20_18_55_28_944.jpg, C:\Users\Shreyas Rawat\Downloads\simulator-windows-64\IMG\right_2024_02_20_18_55_28_944.jpg, 0, 1, 0, 30.1898
C:\Users\Shreyas Rawat\Downloads\simulator-windows-64\IMG\center_2024_02_20_18_55_29_044.jpg, C:\Users\Shreyas Rawat\Downloads\simulator-windows-64\IMG\left_2024_02_20_18_55_29_044.jpg, C:\Users\Shreyas Rawat\Downloads\simulator-windows-64\IMG\right_2024_02_20_18_55_29_044.jpg, -0.1875045, 1, 0, 30.18095
C:\Users\Shreyas Rawat\Downloads\simulator-windows-64\IMG\center_2024_02_20_18_55_29_149.jpg, C:\Users\Shreyas Rawat\Downloads\simulator-windows-64\IMG\left_2024_02_20_18_55_29_149.jpg, C:\Users\Shreyas Rawat\Downloads\simulator-windows-64\IMG\right_2024_02_20_18_55_29_149.jpg, 0, 1, 0, 30.18961
C:\Users\Shreyas Rawat\Downloads\simulator-windows-64\IMG\center_2024_02_20_18_55_29_253.jpg, C:\Users\Shreyas Rawat\Downloads\simulator-windows-64\IMG\left_2024_02_20_18_55_29_253.jpg, C:\Users\Shreyas Rawat\Downloads\simulator-windows-64\IMG\right_2024_02_20_18_55_29_253.jpg, 0, 1, 0, 30.19025
C:\Users\Shreyas Rawat\Downloads\simulator-windows-64\IMG\center_2024_02_20_18_55_29_364.jpg, C:\Users\Shreyas Rawat\Downloads\simulator-windows-64\IMG\left_2024_02_20_18_55_29_364.jpg, C:\Users\Shreyas Rawat\Downloads\simulator-windows-64\IMG\right_2024_02_20_18_55_29_364.jpg, 0, 1, 0, 30.19031
C:\Users\Shreyas Rawat\Downloads\simulator-windows-64\IMG\center_2024_02_20_18_55_29_466.jpg, C:\Users\Shreyas Rawat\Downloads\simulator-windows-64\IMG\left_2024_02_20_18_55_29_466.jpg, C:\Users\Shreyas Rawat\Downloads\simulator-windows-64\IMG\right_2024_02_20_18_55_29_466.jpg, -0.2791521, 1, 0, 30.17127
C:\Users\Shreyas Rawat\Downloads\simulator-windows-64\IMG\center_2024_02_20_18_55_29_570.jpg, C:\Users\Shreyas Rawat\Downloads\simulator-windows-64\IMG\left_2024_02_20_18_55_29_570.jpg, C:\Users\Shreyas Rawat\Downloads\simulator-windows-64\IMG\right_2024_02_20_18_55_29_570.jpg, -0.1629501, 1, 0, 30.19052
C:\Users\Shreyas Rawat\Downloads\simulator-windows-64\IMG\center_2024_02_20_18_55_29_678.jpg, C:\Users\Shreyas Rawat\Downloads\simulator-windows-64\IMG\left_2024_02_20_18_55_29_678.jpg, C:\Users\Shreyas Rawat\Downloads\simulator-windows-64\IMG\right_2024_02_20_18_55_29_678.jpg, 0, 1, 0, 30.1895
C:\Users\Shreyas Rawat\Downloads\simulator-windows-64\IMG\center_2024_02_20_18_55_29_784.jpg, C:\Users\Shreyas Rawat\Downloads\simulator-windows-64\IMG\left_2024_02_20_18_55_29_784.jpg, C:\Users\Shreyas Rawat\Downloads\simulator-windows-64\IMG\right_2024_02_20_18_55_29_784.jpg, 0, 1, 0, 30.19021
C:\Users\Shreyas Rawat\Downloads\simulator-windows-64\IMG\center_2024_02_20_18_55_29_885.jpg, C:\Users\Shreyas Rawat\Downloads\simulator-windows-64\IMG\left_2024_02_20_18_55_29_885.jpg, C:\Users\Shreyas Rawat\Downloads\simulator-windows-64\IMG\right_2024_02_20_18_55_29_885.jpg, -0.0335934, 1, 0, 30.19015
C:\Users\Shreyas Rawat\Downloads\simulator-windows-64\IMG\center_2024_02_20_18_55_29_998.jpg, C:\Users\Shreyas Rawat\Downloads\simulator-windows-64\IMG\left_2024_02_20_18_55_29_998.jpg, C:\Users\Shreyas Rawat\Downloads\simulator-windows-64\IMG\right_2024_02_20_18_55_29_998.jpg, -0.3284265, 1, 0, 30.16746
C:\Users\Shreyas Rawat\Downloads\simulator-windows-64\IMG\center_2024_02_20_18_55_30_107.jpg, C:\Users\Shreyas Rawat\Downloads\simulator-windows-64\IMG\left_2024_02_20_18_55_30_107.jpg, C:\Users\Shreyas Rawat\Downloads\simulator-windows-64\IMG\right_2024_02_20_18_55_30_107.jpg, -0.0371055, 1, 0, 30.19011
C:\Users\Shreyas Rawat\Downloads\simulator-windows-64\IMG\center_2024_02_20_18_55_30_217.jpg, C:\Users\Shreyas Rawat\Downloads\simulator-windows-64\IMG\left_2024_02_20_18_55_30_217.jpg, C:\Users\Shreyas Rawat\Downloads\simulator-windows-64\IMG\right_2024_02_20_18_55_30_217.jpg, 0, 1, 0, 30.19002
C:\Users\Shreyas Rawat\Downloads\simulator-windows-64\IMG\center_2024_02_20_18_55_30_321.jpg, C:\Users\Shreyas Rawat\Downloads\simulator-windows-64\IMG\left_2024_02_20_18_55_30_321.jpg, C:\Users\Shreyas Rawat\Downloads\simulator-windows-64\IMG\right_2024_02_20_18_55_30_321.jpg, 0, 1, 0, 30.19029
C:\Users\Shreyas Rawat\Downloads\simulator-windows-64\IMG\center_2024_02_20_18_55_30_423.jpg, C:\Users\Shreyas Rawat\Downloads\simulator-windows-64\IMG\left_2024_02_20_18_55_30_423.jpg, C:\Users\Shreyas Rawat\Downloads\simulator-windows-64\IMG\right_2024_02_20_18_55_30_423.jpg, 0, 1, 0, 30.19034
C:\Users\Shreyas Rawat\Downloads\simulator-windows-64\IMG\center_2024_02_20_18_55_30_527.jpg, C:\Users\Shreyas Rawat\Downloads\simulator-windows-64\IMG\left_2024_02_20_18_55_30_527.jpg, C:\Users\Shreyas Rawat\Downloads\simulator-windows-64\IMG\right_2024_02_20_18_55_30_527.jpg, -0.2808879, 1, 0, 30.17093
C:\Users\Shreyas Rawat\Downloads\simulator-windows-64\IMG\center_2024_02_20_18_55_30_636.jpg, C:\Users\Shreyas Rawat\Downloads\simulator-windows-64\IMG\left_2024_02_20_18_55_30_636.jpg, C:\Users\Shreyas Rawat\Downloads\simulator-windows-64\IMG\right_2024_02_20_18_55_30_636.jpg, -0.3123539, 1, 0, 30.18388
C:\Users\Shreyas Rawat\Downloads\simulator-windows-64\IMG\center_2024_02_20_18_55_30_745.jpg, C:\Users\Shreyas Rawat\Downloads\simulator-windows-64\IMG\left_2024_02_20_18_55_30_745.jpg, C:\Users\Shreyas Rawat\Downloads\simulator-windows-64\IMG\right_2024_02_20_18_55_30_745.jpg, 0, 1, 0, 30.1875
C:\Users\Shreyas Rawat\Downloads\simulator-windows-64\IMG\center_2024_02_20_18_55_30_854.jpg, C:\Users\Shreyas Rawat\Downloads\simulator-windows-64\IMG\left_2024_02_20_18_55_30_854.jpg, C:\Users\Shreyas Rawat\Downloads\simulator-windows-64\IMG\right_2024_02_20_18_55_30_854.jpg, 0, 1, 0, 30.18924
C:\Users\Shreyas Rawat\Downloads\simulator-windows-64\IMG\center_2024_02_20_18_55_30_959.jpg, C:\Users\Shreyas Rawat\Downloads\simulator-windows-64\IMG\left_2024_02_20_18_55_30_959.jpg, C:\Users\Shreyas Rawat\Downloads\simulator-windows-64\IMG\right_2024_02_20_18_55_30_959.jpg, 0, 1, 0, 30.19029
C:\Users\Shreyas Rawat\Downloads\simulator-windows-64\IMG\center_2024_02_20_18_55_31_062.jpg, C:\Users\Shreyas Rawat\Downloads\simulator-windows-64\IMG\left_2024_02_20_18_55_31_062.jpg, C:\Users\Shreyas Rawat\Downloads\simulator-windows-64\IMG\right_2024_02_20_18_55_31_062.jpg, 0, 1, 0, 30.19002
C:\Users\Shreyas Rawat\Downloads\simulator-windows-64\IMG\center_2024_02_20_18_55_31_178.jpg, C:\Users\Shreyas Rawat\Downloads\simulator-windows-64\IMG\left_2024_02_20_18_55_31_178.jpg, C:\Users\Shreyas Rawat\Downloads\simulator-windows-64\IMG\right_2024_02_20_18_55_31_178.jpg, 0.0318381, 1, 0, 30.19036
C:\Users\Shreyas Rawat\Downloads\simulator-windows-64\IMG\center_2024_02_20_18_55_31_288.jpg, C:\Users\Shreyas Rawat\Downloads\simulator-windows-64\IMG\left_2024_02_20_18_55_31_288.jpg, C:\Users\Shreyas Rawat\Downloads\simulator-windows-64\IMG\right_2024_02_20_18_55_31_288.jpg, 0, 1, 0, 30.18974
C:\Users\Shreyas Rawat\Downloads\simulator-windows-64\IMG\center_2024_02_20_18_55_31_392.jpg, C:\Users\Shreyas Rawat\Downloads\simulator-windows-64\IMG\left_2024_02_20_18_55_31_392.jpg, C:\Users\Shreyas Rawat\Downloads\simulator-windows-64\IMG\right_2024_02_20_18_55_31_392.jpg, 0, 1, 0, 30.19007
C:\Users\Shreyas Rawat\Downloads\simulator-windows-64\IMG\center_2024_02_20_18_55_31_504.jpg, C:\Users\Shreyas Rawat\Downloads\simulator-windows-64\IMG\left_2024_02_20_18_55_31_504.jpg, C:\Users\Shreyas Rawat\Downloads\simulator-windows-64\IMG\right_2024_02_20_18_55_31_504.jpg, 0, 1, 0, 30.19019
C:\Users\Shreyas Rawat\Downloads\simulator-windows-64\IMG\center_2024_02_20_18_55_31_607.jpg, C:\Users\Shreyas Rawat\Downloads\simulator-windows-64\IMG\left_2024_02_20_18_55_31_607.jpg, C:\Users\Shreyas Rawat\Downloads\simulator-windows-64\IMG\right_2024_02_20_18_55_31_607.jpg, -0.0437904, 1, 0, 30.19016
C:\Users\Shreyas Rawat\Downloads\simulator-windows-64\IMG\center_2024_02_20_18_55_31_715.jpg, C:\Users\Shreyas Rawat\Downloads\simulator-windows-64\IMG\left_2024_02_20_18_55_31_715.jpg, C:\Users\Shreyas Rawat\Downloads\simulator-windows-64\IMG\right_2024_02_20_18_55_31_715.jpg, -0.2075259, 1, 0, 30.1825
C:\Users\Shreyas Rawat\Downloads\simulator-windows-64\IMG\center_2024_02_20_18_55_31_820.jpg, C:\Users\Shreyas Rawat\Downloads\simulator-windows-64\IMG\left_2024_02_20_18_55_31_820.jpg, C:\Users\Shreyas Rawat\Downloads\simulator-windows-64\IMG\right_2024_02_20_18_55_31_820.jpg, 0, 1, 0, 30.19
C:\Users\Shreyas Rawat\Downloads\simulator-windows-64\IMG\center_2024_02_20_18_55_31_925.jpg, C:\Users\Shreyas Rawat\Downloads\simulator-windows-64\IMG\left_2024_02_20_18_55_31_925.jpg, C:\Users\Shreyas Rawat\Downloads\simulator-windows-64\IMG\right_2024_02_20_18_55_31_925.jpg, 0, 1, 0, 30.19035
C:\Users\Shreyas Rawat\Downloads\simulator-windows-64\IMG\center_2024_02_20_18_55_32_028.jpg, C:\Users\Shreyas Rawat\Downloads\simulator-windows-64\IMG\left_2024_02_20_18_55_32_028.jpg, C:\Users\Shreyas Rawat\Downloads\simulator-windows-64\IMG\right_2024_02_20_18_55_32_028.jpg, 0, 1, 0, 30.19045
C:\Users\Shreyas Rawat\Downloads\simulator-windows-64\IMG\center_2024_02_20_18_55_32_131.jpg, C:\Users\Shreyas Rawat\Downloads\simulator-windows-64\IMG\left_2024_02_20_18_55_32_131.jpg, C:\Users\Shreyas Rawat\Downloads\simulator-windows-64\IMG\right_2024_02_20_18_55_32_131.jpg, 0, 1, 0, 30.19031
C:\Users\Shreyas Rawat\Downloads\simulator-windows-64\IMG\center_2024_02_20_18_55_32_242.jpg, C:\Users\Shreyas Rawat\Downloads\simulator-windows-64\IMG\left_2024_02_20_18_55_32_242.jpg, C:\Users\Shreyas Rawat\Downloads\simulator-windows-64\IMG\right_2024_02_20_18_55_32_242.jpg, -0.2497917, 1, 0, 30.17438
C:\Users\Shreyas Rawat\Downloads\simulator-windows-64\IMG\center_2024_02_20_18_55_32_344.jpg, C:\Users\Shreyas Rawat\Downloads\simulator-windows-64\IMG\left_2024_02_20_18_55_32_344.jpg, C:\Users\Shreyas Rawat\Downloads\simulator-windows-64\IMG\right_2024_02_20_18_55_32_344.jpg, 0, 1, 0, 30.18945
C:\Users\Shreyas Rawat\Downloads\simulator-windows-64\IMG\center_2024_02_20_18_55_32_452.jpg, C:\Users\Shreyas Rawat\Downloads\simulator-windows-64\IMG\left_2024_02_20_18_55_32_452.jpg, C:\Users\Shreyas Rawat\Downloads\simulator-windows-64\IMG\right_2024_02_20_18_55_32_452.jpg, 0, 1, 0, 30.19002
C:\Users\Shreyas Rawat\Downloads\simulator-windows-64\IMG\center_2024_02_20_18_55_32_558.jpg, C:\Users\Shreyas Rawat\Downloads\simulator-windows-64\IMG\left_2024_02_20_18_55_32_558.jpg, C:\Users\Shreyas Rawat\Downloads\simulator-windows-64\IMG\right_2024_02_20_18_55_32_558.jpg, 0, 1, 0, 30.19012
C:\Users\Shreyas Rawat\Downloads\simulator-windows-64\IMG\center_2024_02_20_18_55_32_665.jpg, C:\Users\Shreyas Rawat\Downloads\simulator-windows-64\IMG\left_2024_02_20_18_55_32_665.jpg, C:\Users\Shreyas Rawat\Downloads\simulator-windows-64\IMG\right_2024_02_20_18_55_32_665.jpg, -0.1523241, 1, 0, 30.18424
C:\Users\Shreyas Rawat\Downloads\simulator-windows-64\IMG\center_2024_02_20_18_55_32_775.jpg, C:\Users\Shreyas Rawat\Downloads\simulator-windows-64\IMG\left_2024_02_20_18_55_32_775.jpg, C:\Users\Shreyas Rawat\Downloads\simulator-windows-64\IMG\right_2024_02_20_18_55_32_775.jpg, 0, 1, 0, 30.18972
C:\Users\Shreyas Rawat\Downloads\simulator-windows-64\IMG\center_2024_02_20_18_55_32_881.jpg, C:\Users\Shreyas Rawat\Downloads\simulator-windows-64\IMG\left_2024_02_20_18_55_32_881.jpg, C:\Users\Shreyas Rawat\Downloads\simulator-windows-64\IMG\right_2024_02_20_18_55_32_881.jpg, 0, 1, 0, 30.19024
C:\Users\Shreyas Rawat\Downloads\simulator-windows-64\IMG\center_2024_02_20_18_55_32_985.jpg, C:\Users\Shreyas Rawat\Downloads\simulator-windows-64\IMG\left_2024_02_20_18_55_32_985.jpg, C:\Users\Shreyas Rawat\Downloads\simulator-windows-64\IMG\right_2024_02_20_18_55_32_985.jpg, 0, 1, 0, 30.19032
C:\Users\Shreyas Rawat\Downloads\simulator-windows-64\IMG\center_2024_02_20_18_55_33_093.jpg, C:\Users\Shreyas Rawat\Downloads\simulator-windows-64\IMG\left_2024_02_20_18_55_33_093.jpg, C:\Users\Shreyas Rawat\Downloads\simulator-windows-64\IMG\right_2024_02_20_18_55_33_093.jpg, -0.2811372, 1, 0, 30.17157
C:\Users\Shreyas Rawat\Downloads\simulator-windows-64\IMG\center_2024_02_20_18_55_33_193.jpg, C:\Users\Shreyas Rawat\Downloads\simulator-windows-64\IMG\left_2024_02_20_18_55_33_193.jpg, C:\Users\Shreyas Rawat\Downloads\simulator-windows-64\IMG\right_2024_02_20_18_55_33_193.jpg, -0.2258415, 1, 0, 30.18789
C:\Users\Shreyas Rawat\Downloads\simulator-windows-64\IMG\center_2024_02_20_18_55_33_306.jpg, C:\Users\Shreyas Rawat\Downloads\simulator-windows-64\IMG\left_2024_02_20_18_55_33_306.jpg, C:\Users\Shreyas Rawat\Downloads\simulator-windows-64\IMG\right_2024_02_20_18_55_33_306.jpg, 0, 1, 0, 30.18904
C:\Users\Shreyas Rawat\Downloads\simulator-windows-64\IMG\center_2024_02_20_18_55_33_416.jpg, C:\Users\Shreyas Rawat\Downloads\simulator-windows-64\IMG\left_2024_02_20_18_55_33_416.jpg, C:\Users\Shreyas Rawat\Downloads\simulator-windows-64\IMG\right_2024_02_20_18_55_33_416.jpg, 0, 1, 0, 30.19021
C:\Users\Shreyas Rawat\Downloads\simulator-windows-64\IMG\center_2024_02_20_18_55_33_531.jpg, C:\Users\Shreyas Rawat\Downloads\simulator-windows-64\IMG\left_2024_02_20_18_55_33_531.jpg, C:\Users\Shreyas Rawat\Downloads\simulator-windows-64\IMG\right_2024_02_20_18_55_33_531.jpg, 0, 1, 0, 30.19028
C:\Users\Shreyas Rawat\Downloads\simulator-windows-64\IMG\center_2024_02_20_18_55_33_632.jpg, C:\Users\Shreyas Rawat\Downloads\simulator-windows-64\IMG\left_2024_02_20_18_55_33_632.jpg, C:\Users\Shreyas Rawat\Downloads\simulator-windows-64\IMG\right_2024_02_20_18_55_33_632.jpg, 0, 1, 0, 30.19031
C:\Users\Shreyas Rawat\Downloads\simulator-windows-64\IMG\center_2024_02_20_18_55_33_742.jpg, C:\Users\Shreyas Rawat\Downloads\simulator-windows-64\IMG\left_2024_02_20_18_55_33_742.jpg, C:\Users\Shreyas Rawat\Downloads\simulator-windows-64\IMG\right_2024_02_20_18_55_33_742.jpg, -0.3287415, 1, 0, 30.16382
C:\Users\Shreyas Rawat\Downloads\simulator-windows-64\IMG\center_2024_02_20_18_55_33_848.jpg, C:\Users\Shreyas Rawat\Downloads\simulator-windows-64\IMG\left_2024_02_20_18_55_33_848.jpg, C:\Users\Shreyas Rawat\Downloads\simulator-windows-64\IMG\right_2024_02_20_18_55_33_848.jpg, -0.01017179, 1, 0, 30.18983
C:\Users\Shreyas Rawat\Downloads\simulator-windows-64\IMG\center_2024_02_20_18_55_33_961.jpg, C:\Users\Shreyas Rawat\Downloads\simulator-windows-64\IMG\left_2024_02_20_18_55_33_961.jpg, C:\Users\Shreyas Rawat\Downloads\simulator-windows-64\IMG\right_2024_02_20_18_55_33_961.jpg, 0, 1, 0, 30.19008
C:\Users\Shreyas Rawat\Downloads\simulator-windows-64\IMG\center_2024_02_20_18_55_34_061.jpg, C:\Users\Shreyas Rawat\Downloads\simulator-windows-64\IMG\left_2024_02_20_18_55_34_061.jpg, C:\Users\Shreyas Rawat\Downloads\simulator-windows-64\IMG\right_2024_02_20_18_55_34_061.jpg, 0, 1, 0, 30.19026
C:\Users\Shreyas Rawat\Downloads\simulator-windows-64\IMG\center_2024_02_20_18_55_34_169.jpg, C:\Users\Shreyas Rawat\Downloads\simulator-windows-64\IMG\left_2024_02_20_18_55_34_169.jpg, C:\Users\Shreyas Rawat\Downloads\simulator-windows-64\IMG\right_2024_02_20_18_55_34_169.jpg, 0, 1, 0, 30.19031
C:\Users\Shreyas Rawat\Downloads\simulator-windows-64\IMG\center_2024_02_20_18_55_34_284.jpg, C:\Users\Shreyas Rawat\Downloads\simulator-windows-64\IMG\left_2024_02_20_18_55_34_284.jpg, C:\Users\Shreyas Rawat\Downloads\simulator-windows-64\IMG\right_2024_02_20_18_55_34_284.jpg, 0, 1, 0, 30.19031
C:\Users\Shreyas Rawat\Downloads\simulator-windows-64\IMG\center_2024_02_20_18_55_34_391.jpg, C:\Users\Shreyas Rawat\Downloads\simulator-windows-64\IMG\left_2024_02_20_18_55_34_391.jpg, C:\Users\Shreyas Rawat\Downloads\simulator-windows-64\IMG\right_2024_02_20_18_55_34_391.jpg, -0.1476564, 1, 0, 30.18448
C:\Users\Shreyas Rawat\Downloads\simulator-windows-64\IMG\center_2024_02_20_18_55_34_492.jpg, C:\Users\Shreyas Rawat\Downloads\simulator-windows-64\IMG\left_2024_02_20_18_55_34_492.jpg, C:\Users\Shreyas Rawat\Downloads\simulator-windows-64\IMG\right_2024_02_20_18_55_34_492.jpg, 0, 1, 0, 30.18966
C:\Users\Shreyas Rawat\Downloads\simulator-windows-64\IMG\center_2024_02_20_18_55_34_595.jpg, C:\Users\Shreyas Rawat\Downloads\simulator-windows-64\IMG\left_2024_02_20_18_55_34_595.jpg, C:\Users\Shreyas Rawat\Downloads\simulator-windows-64\IMG\right_2024_02_20_18_55_34_595.jpg, 0, 1, 0, 30.19029
C:\Users\Shreyas Rawat\Downloads\simulator-windows-64\IMG\center_2024_02_20_18_55_34_707.jpg, C:\Users\Shreyas Rawat\Downloads\simulator-windows-64\IMG\left_2024_02_20_18_55_34_707.jpg, C:\Users\Shreyas Rawat\Downloads\simulator-windows-64\IMG\right_2024_02_20_18_55_34_707.jpg, 0, 1, 0, 30.18986
C:\Users\Shreyas Rawat\Downloads\simulator-windows-64\IMG\center_2024_02_20_18_55_34_822.jpg, C:\Users\Shreyas Rawat\Downloads\simulator-windows-64\IMG\left_2024_02_20_18_55_34_822.jpg, C:\Users\Shreyas Rawat\Downloads\simulator-windows-64\IMG\right_2024_02_20_18_55_34_822.jpg, -0.1808916, 1, 0, 30.18113
C:\Users\Shreyas Rawat\Downloads\simulator-windows-64\IMG\center_2024_02_20_18_55_34_932.jpg, C:\Users\Shreyas Rawat\Downloads\simulator-windows-64\IMG\left_2024_02_20_18_55_34_932.jpg, C:\Users\Shreyas Rawat\Downloads\simulator-windows-64\IMG\right_2024_02_20_18_55_34_932.jpg, -0.1356111, 1, 0, 30.19009
C:\Users\Shreyas Rawat\Downloads\simulator-windows-64\IMG\center_2024_02_20_18_55_35_040.jpg, C:\Users\Shreyas Rawat\Downloads\simulator-windows-64\IMG\left_2024_02_20_18_55_35_040.jpg, C:\Users\Shreyas Rawat\Downloads\simulator-windows-64\IMG\right_2024_02_20_18_55_35_040.jpg, 0, 1, 0, 30.18987
C:\Users\Shreyas Rawat\Downloads\simulator-windows-64\IMG\center_2024_02_20_18_55_35_152.jpg, C:\Users\Shreyas Rawat\Downloads\simulator-windows-64\IMG\left_2024_02_20_18_55_35_152.jpg, C:\Users\Shreyas Rawat\Downloads\simulator-windows-64\IMG\right_2024_02_20_18_55_35_152.jpg, -0.10092, 1, 0, 30.18881
C:\Users\Shreyas Rawat\Downloads\simulator-windows-64\IMG\center_2024_02_20_18_55_35_256.jpg, C:\Users\Shreyas Rawat\Downloads\simulator-windows-64\IMG\left_2024_02_20_18_55_35_256.jpg, C:\Users\Shreyas Rawat\Downloads\simulator-windows-64\IMG\right_2024_02_20_18_55_35_256.jpg, -0.0884931, 1, 0, 30.19065
C:\Users\Shreyas Rawat\Downloads\simulator-windows-64\IMG\center_2024_02_20_18_55_35_359.jpg, C:\Users\Shreyas Rawat\Downloads\simulator-windows-64\IMG\left_2024_02_20_18_55_35_359.jpg, C:\Users\Shreyas Rawat\Downloads\simulator-windows-64\IMG\right_2024_02_20_18_55_35_359.jpg, 0, 1, 0, 30.19002
C:\Users\Shreyas Rawat\Downloads\simulator-windows-64\IMG\center_2024_02_20_18_55_35_459.jpg, C:\Users\Shreyas Rawat\Downloads\simulator-windows-64\IMG\left_2024_02_20_18_55_35_459.jpg, C:\Users\Shreyas Rawat\Downloads\simulator-windows-64\IMG\right_2024_02_20_18_55_35_459.jpg, 0, 1, 0, 30.19028
C:\Users\Shreyas Rawat\Downloads\simulator-windows-64\IMG\center_2024_02_20_18_55_35_561.jpg, C:\Users\Shreyas Rawat\Downloads\simulator-windows-64\IMG\left_2024_02_20_18_55_35_561.jpg, C:\Users\Shreyas Rawat\Downloads\simulator-windows-64\IMG\right_2024_02_20_18_55_35_561.jpg, -0.1794348, 1, 0, 30.18204
C:\Users\Shreyas Rawat\Downloads\simulator-windows-64\IMG\center_2024_02_20_18_55_35_666.jpg, C:\Users\Shreyas Rawat\Downloads\simulator-windows-64\IMG\left_2024_02_20_18_55_35_666.jpg, C:\Users\Shreyas Rawat\Downloads\simulator-windows-64\IMG\right_2024_02_20_18_55_35_666.jpg, -0.03227911, 1, 0, 30.19076
C:\Users\Shreyas Rawat\Downloads\simulator-windows-64\IMG\center_2024_02_20_18_55_35_779.jpg, C:\Users\Shreyas Rawat\Downloads\simulator-windows-64\IMG\left_2024_02_20_18_55_35_779.jpg, C:\Users\Shreyas Rawat\Downloads\simulator-windows-64\IMG\right_2024_02_20_18_55_35_779.jpg, 0, 1, 0, 30.19022
C:\Users\Shreyas Rawat\Downloads\simulator-windows-64\IMG\center_2024_02_20_18_55_35_882.jpg, C:\Users\Shreyas Rawat\Downloads\simulator-windows-64\IMG\left_2024_02_20_18_55_35_882.jpg, C:\Users\Shreyas Rawat\Downloads\simulator-windows-64\IMG\right_2024_02_20_18_55_35_882.jpg, 0, 1, 0, 30.19029
C:\Users\Shreyas Rawat\Downloads\simulator-windows-64\IMG\center_2024_02_20_18_55_35_988.jpg, C:\Users\Shreyas Rawat\Downloads\simulator-windows-64\IMG\left_2024_02_20_18_55_35_988.jpg, C:\Users\Shreyas Rawat\Downloads\simulator-windows-64\IMG\right_2024_02_20_18_55_35_988.jpg, -0.138285, 1, 0, 30.18546
C:\Users\Shreyas Rawat\Downloads\simulator-windows-64\IMG\center_2024_02_20_18_55_36_091.jpg, C:\Users\Shreyas Rawat\Downloads\simulator-windows-64\IMG\left_2024_02_20_18_55_36_091.jpg, C:\Users\Shreyas Rawat\Downloads\simulator-windows-64\IMG\right_2024_02_20_18_55_36_091.jpg, 0, 1, 0, 30.1901
C:\Users\Shreyas Rawat\Downloads\simulator-windows-64\IMG\center_2024_02_20_18_55_36_196.jpg, C:\Users\Shreyas Rawat\Downloads\simulator-windows-64\IMG\left_2024_02_20_18_55_36_196.jpg, C:\Users\Shreyas Rawat\Downloads\simulator-windows-64\IMG\right_2024_02_20_18_55_36_196.jpg, 0, 1, 0, 30.19029
C:\Users\Shreyas Rawat\Downloads\simulator-windows-64\IMG\center_2024_02_20_18_55_36_298.jpg, C:\Users\Shreyas Rawat\Downloads\simulator-windows-64\IMG\left_2024_02_20_18_55_36_298.jpg, C:\Users\Shreyas Rawat\Downloads\simulator-windows-64\IMG\right_2024_02_20_18_55_36_298.jpg, 0, 1, 0, 30.19031
C:\Users\Shreyas Rawat\Downloads\simulator-windows-64\IMG\center_2024_02_20_18_55_36_405.jpg, C:\Users\Shreyas Rawat\Downloads\simulator-windows-64\IMG\left_2024_02_20_18_55_36_405.jpg, C:\Users\Shreyas Rawat\Downloads\simulator-windows-64\IMG\right_2024_02_20_18_55_36_405.jpg, -0.0541566, 1, 0, 30.18965
C:\Users\Shreyas Rawat\Downloads\simulator-windows-64\IMG\center_2024_02_20_18_55_36_514.jpg, C:\Users\Shreyas Rawat\Downloads\simulator-windows-64\IMG\left_2024_02_20_18_55_36_514.jpg, C:\Users\Shreyas Rawat\Downloads\simulator-windows-64\IMG\right_2024_02_20_18_55_36_514.jpg, -0.1341273, 1, 0, 30.18841
C:\Users\Shreyas Rawat\Downloads\simulator-windows-64\IMG\center_2024_02_20_18_55_36_615.jpg, C:\Users\Shreyas Rawat\Downloads\simulator-windows-64\IMG\left_2024_02_20_18_55_36_615.jpg, C:\Users\Shreyas Rawat\Downloads\simulator-windows-64\IMG\right_2024_02_20_18_55_36_615.jpg, 0, 1, 0, 30.19021
C:\Users\Shreyas Rawat\Downloads\simulator-windows-64\IMG\center_2024_02_20_18_55_36_721.jpg, C:\Users\Shreyas Rawat\Downloads\simulator-windows-64\IMG\left_2024_02_20_18_55_36_721.jpg, C:\Users\Shreyas Rawat\Downloads\simulator-windows-64\IMG\right_2024_02_20_18_55_36_721.jpg, 0, 1, 0, 30.19027
C:\Users\Shreyas Rawat\Downloads\simulator-windows-64\IMG\center_2024_02_20_18_55_36_825.jpg, C:\Users\Shreyas Rawat\Downloads\simulator-windows-64\IMG\left_2024_02_20_18_55_36_825.jpg, C:\Users\Shreyas Rawat\Downloads\simulator-windows-64\IMG\right_2024_02_20_18_55_36_825.jpg, 0, 1, 0, 30.19031
C:\Users\Shreyas Rawat\Downloads\simulator-windows-64\IMG\center_2024_02_20_18_55_36_930.jpg, C:\Users\Shreyas Rawat\Downloads\simulator-windows-64\IMG\left_2024_02_20_18_55_36_930.jpg, C:\Users\Shreyas Rawat\Downloads\simulator-windows-64\IMG\right_2024_02_20_18_55_36_930.jpg, 0, 1, 0, 30.19031
C:\Users\Shreyas Rawat\Downloads\simulator-windows-64\IMG\center_2024_02_20_18_55_37_030.jpg, C:\Users\Shreyas Rawat\Downloads\simulator-windows-64\IMG\left_2024_02_20_18_55_37_030.jpg, C:\Users\Shreyas Rawat\Downloads\simulator-windows-64\IMG\right_2024_02_20_18_55_37_030.jpg, -0.08188561, 1, 0, 30.18981
C:\Users\Shreyas Rawat\Downloads\simulator-windows-64\IMG\center_2024_02_20_18_55_37_145.jpg, C:\Users\Shreyas Rawat\Downloads\simulator-windows-64\IMG\left_2024_02_20_18_55_37_145.jpg, C:\Users\Shreyas Rawat\Downloads\simulator-windows-64\IMG\right_2024_02_20_18_55_37_145.jpg, 0, 1, 0, 30.19025
C:\Users\Shreyas Rawat\Downloads\simulator-windows-64\IMG\center_2024_02_20_18_55_37_253.jpg, C:\Users\Shreyas Rawat\Downloads\simulator-windows-64\IMG\left_2024_02_20_18_55_37_253.jpg, C:\Users\Shreyas Rawat\Downloads\simulator-windows-64\IMG\right_2024_02_20_18_55_37_253.jpg, 0, 1, 0, 30.19029
C:\Users\Shreyas Rawat\Downloads\simulator-windows-64\IMG\center_2024_02_20_18_55_37_354.jpg, C:\Users\Shreyas Rawat\Downloads\simulator-windows-64\IMG\left_2024_02_20_18_55_37_354.jpg, C:\Users\Shreyas Rawat\Downloads\simulator-windows-64\IMG\right_2024_02_20_18_55_37_354.jpg, 0, 1, 0, 30.19031
C:\Users\Shreyas Rawat\Downloads\simulator-windows-64\IMG\center_2024_02_20_18_55_37_455.jpg, C:\Users\Shreyas Rawat\Downloads\simulator-windows-64\IMG\left_2024_02_20_18_55_37_455.jpg, C:\Users\Shreyas Rawat\Downloads\simulator-windows-64\IMG\right_2024_02_20_18_55_37_455.jpg, -0.0887097, 1, 0, 30.18833
C:\Users\Shreyas Rawat\Downloads\simulator-windows-64\IMG\center_2024_02_20_18_55_37_555.jpg, C:\Users\Shreyas Rawat\Downloads\simulator-windows-64\IMG\left_2024_02_20_18_55_37_555.jpg, C:\Users\Shreyas Rawat\Downloads\simulator-windows-64\IMG\right_2024_02_20_18_55_37_555.jpg, 0, 1, 0, 30.19026
C:\Users\Shreyas Rawat\Downloads\simulator-windows-64\IMG\center_2024_02_20_18_55_37_668.jpg, C:\Users\Shreyas Rawat\Downloads\simulator-windows-64\IMG\left_2024_02_20_18_55_37_668.jpg, C:\Users\Shreyas Rawat\Downloads\simulator-windows-64\IMG\right_2024_02_20_18_55_37_668.jpg, 0, 1, 0, 30.19029
C:\Users\Shreyas Rawat\Downloads\simulator-windows-64\IMG\center_2024_02_20_18_55_37_775.jpg, C:\Users\Shreyas Rawat\Downloads\simulator-windows-64\IMG\left_2024_02_20_18_55_37_775.jpg, C:\Users\Shreyas Rawat\Downloads\simulator-windows-64\IMG\right_2024_02_20_18_55_37_775.jpg, -0.0477681, 1, 0, 30.18985
C:\Users\Shreyas Rawat\Downloads\simulator-windows-64\IMG\center_2024_02_20_18_55_37_890.jpg, C:\Users\Shreyas Rawat\Downloads\simulator-windows-64\IMG\left_2024_02_20_18_55_37_890.jpg, C:\Users\Shreyas Rawat\Downloads\simulator-windows-64\IMG\right_2024_02_20_18_55_37_890.jpg, -0.1936956, 1, 0, 30.18116
C:\Users\Shreyas Rawat\Downloads\simulator-windows-64\IMG\center_2024_02_20_18_55_37_999.jpg, C:\Users\Shreyas Rawat\Downloads\simulator-windows-64\IMG\left_2024_02_20_18_55_37_999.jpg, C:\Users\Shreyas Rawat\Downloads\simulator-windows-64\IMG\right_2024_02_20_18_55_37_999.jpg, 0, 1, 0, 30.18993
C:\Users\Shreyas Rawat\Downloads\simulator-windows-64\IMG\center_2024_02_20_18_55_38_105.jpg, C:\Users\Shreyas Rawat\Downloads\simulator-windows-64\IMG\left_2024_02_20_18_55_38_105.jpg, C:\Users\Shreyas Rawat\Downloads\simulator-windows-64\IMG\right_2024_02_20_18_55_38_105.jpg, 0, 1, 0, 30.19022
C:\Users\Shreyas Rawat\Downloads\simulator-windows-64\IMG\center_2024_02_20_18_55_38_207.jpg, C:\Users\Shreyas Rawat\Downloads\simulator-windows-64\IMG\left_2024_02_20_18_55_38_207.jpg, C:\Users\Shreyas Rawat\Downloads\simulator-windows-64\IMG\right_2024_02_20_18_55_38_207.jpg, 0, 1, 0, 30.1903
C:\Users\Shreyas Rawat\Downloads\simulator-windows-64\IMG\center_2024_02_20_18_55_38_308.jpg, C:\Users\Shreyas Rawat\Downloads\simulator-windows-64\IMG\left_2024_02_20_18_55_38_308.jpg, C:\Users\Shreyas Rawat\Downloads\simulator-windows-64\IMG\right_2024_02_20_18_55_38_308.jpg, 0, 1, 0, 30.19031
C:\Users\Shreyas Rawat\Downloads\simulator-windows-64\IMG\center_2024_02_20_18_55_38_420.jpg, C:\Users\Shreyas Rawat\Downloads\simulator-windows-64\IMG\left_2024_02_20_18_55_38_420.jpg, C:\Users\Shreyas Rawat\Downloads\simulator-windows-64\IMG\right_2024_02_20_18_55_38_420.jpg, 0, 1, 0, 30.1903
C:\Users\Shreyas Rawat\Downloads\simulator-windows-64\IMG\center_2024_02_20_18_55_38_533.jpg, C:\Users\Shreyas Rawat\Downloads\simulator-windows-64\IMG\left_2024_02_20_18_55_38_533.jpg, C:\Users\Shreyas Rawat\Downloads\simulator-windows-64\IMG\right_2024_02_20_18_55_38_533.jpg, 0, 1, 0, 30.1903
C:\Users\Shreyas Rawat\Downloads\simulator-windows-64\IMG\center_2024_02_20_18_55_38_642.jpg, C:\Users\Shreyas Rawat\Downloads\simulator-windows-64\IMG\left_2024_02_20_18_55_38_642.jpg, C:\Users\Shreyas Rawat\Downloads\simulator-windows-64\IMG\right_2024_02_20_18_55_38_642.jpg, -0.1505655, 1, 0, 30.18423
C:\Users\Shreyas Rawat\Downloads\simulator-windows-64\IMG\center_2024_02_20_18_55_38_753.jpg, C:\Users\Shreyas Rawat\Downloads\simulator-windows-64\IMG\left_2024_02_20_18_55_38_753.jpg, C:\Users\Shreyas Rawat\Downloads\simulator-windows-64\IMG\right_2024_02_20_18_55_38_753.jpg, -0.04108952, 1, 0, 30.1907
C:\Users\Shreyas Rawat\Downloads\simulator-windows-64\IMG\center_2024_02_20_18_55_38_858.jpg, C:\Users\Shreyas Rawat\Downloads\simulator-windows-64\IMG\left_2024_02_20_18_55_38_858.jpg, C:\Users\Shreyas Rawat\Downloads\simulator-windows-64\IMG\right_2024_02_20_18_55_38_858.jpg, 0, 1, 0, 30.19019
C:\Users\Shreyas Rawat\Downloads\simulator-windows-64\IMG\center_2024_02_20_18_55_38_962.jpg, C:\Users\Shreyas Rawat\Downloads\simulator-windows-64\IMG\left_2024_02_20_18_55_38_962.jpg, C:\Users\Shreyas Rawat\Downloads\simulator-windows-64\IMG\right_2024_02_20_18_55_38_962.jpg, 0, 1, 0, 30.19027
C:\Users\Shreyas Rawat\Downloads\simulator-windows-64\IMG\center_2024_02_20_18_55_39_074.jpg, C:\Users\Shreyas Rawat\Downloads\simulator-windows-64\IMG\left_2024_02_20_18_55_39_074.jpg, C:\Users\Shreyas Rawat\Downloads\simulator-windows-64\IMG\right_2024_02_20_18_55_39_074.jpg, 0, 1, 0, 30.19027
C:\Users\Shreyas Rawat\Downloads\simulator-windows-64\IMG\center_2024_02_20_18_55_39_179.jpg, C:\Users\Shreyas Rawat\Downloads\simulator-windows-64\IMG\left_2024_02_20_18_55_39_179.jpg, C:\Users\Shreyas Rawat\Downloads\simulator-windows-64\IMG\right_2024_02_20_18_55_39_179.jpg, 0, 1, 0, 30.1903
C:\Users\Shreyas Rawat\Downloads\simulator-windows-64\IMG\center_2024_02_20_18_55_39_282.jpg, C:\Users\Shreyas Rawat\Downloads\simulator-windows-64\IMG\left_2024_02_20_18_55_39_282.jpg, C:\Users\Shreyas Rawat\Downloads\simulator-windows-64\IMG\right_2024_02_20_18_55_39_282.jpg, 0, 1, 0, 30.1903
C:\Users\Shreyas Rawat\Downloads\simulator-windows-64\IMG\center_2024_02_20_18_55_39_382.jpg, C:\Users\Shreyas Rawat\Downloads\simulator-windows-64\IMG\left_2024_02_20_18_55_39_382.jpg, C:\Users\Shreyas Rawat\Downloads\simulator-windows-64\IMG\right_2024_02_20_18_55_39_382.jpg, 0, 1, 0, 30.1903
C:\Users\Shreyas Rawat\Downloads\simulator-windows-64\IMG\center_2024_02_20_18_55_39_492.jpg, C:\Users\Shreyas Rawat\Downloads\simulator-windows-64\IMG\left_2024_02_20_18_55_39_492.jpg, C:\Users\Shreyas Rawat\Downloads\simulator-windows-64\IMG\right_2024_02_20_18_55_39_492.jpg, 0, 1, 0, 30.19031
C:\Users\Shreyas Rawat\Downloads\simulator-windows-64\IMG\center_2024_02_20_18_55_39_597.jpg, C:\Users\Shreyas Rawat\Downloads\simulator-windows-64\IMG\left_2024_02_20_18_55_39_597.jpg, C:\Users\Shreyas Rawat\Downloads\simulator-windows-64\IMG\right_2024_02_20_18_55_39_597.jpg, -0.08710831, 1, 0, 30.18982
C:\Users\Shreyas Rawat\Downloads\simulator-windows-64\IMG\center_2024_02_20_18_55_39_699.jpg, C:\Users\Shreyas Rawat\Downloads\simulator-windows-64\IMG\left_2024_02_20_18_55_39_699.jpg, C:\Users\Shreyas Rawat\Downloads\simulator-windows-64\IMG\right_2024_02_20_18_55_39_699.jpg, 0, 1, 0, 30.19012
C:\Users\Shreyas Rawat\Downloads\simulator-windows-64\IMG\center_2024_02_20_18_55_39_812.jpg, C:\Users\Shreyas Rawat\Downloads\simulator-windows-64\IMG\left_2024_02_20_18_55_39_812.jpg, C:\Users\Shreyas Rawat\Downloads\simulator-windows-64\IMG\right_2024_02_20_18_55_39_812.jpg, 0, 1, 0, 30.19025
C:\Users\Shreyas Rawat\Downloads\simulator-windows-64\IMG\center_2024_02_20_18_55_39_923.jpg, C:\Users\Shreyas Rawat\Downloads\simulator-windows-64\IMG\left_2024_02_20_18_55_39_923.jpg, C:\Users\Shreyas Rawat\Downloads\simulator-windows-64\IMG\right_2024_02_20_18_55_39_923.jpg, 0, 1, 0, 30.19029
C:\Users\Shreyas Rawat\Downloads\simulator-windows-64\IMG\center_2024_02_20_18_55_40_031.jpg, C:\Users\Shreyas Rawat\Downloads\simulator-windows-64\IMG\left_2024_02_20_18_55_40_031.jpg, C:\Users\Shreyas Rawat\Downloads\simulator-windows-64\IMG\right_2024_02_20_18_55_40_031.jpg, -0.1780038, 1, 0, 30.18235
C:\Users\Shreyas Rawat\Downloads\simulator-windows-64\IMG\center_2024_02_20_18_55_40_136.jpg, C:\Users\Shreyas Rawat\Downloads\simulator-windows-64\IMG\left_2024_02_20_18_55_40_136.jpg, C:\Users\Shreyas Rawat\Downloads\simulator-windows-64\IMG\right_2024_02_20_18_55_40_136.jpg, 0, 1, 0, 30.19003
C:\Users\Shreyas Rawat\Downloads\simulator-windows-64\IMG\center_2024_02_20_18_55_40_236.jpg, C:\Users\Shreyas Rawat\Downloads\simulator-windows-64\IMG\left_2024_02_20_18_55_40_236.jpg, C:\Users\Shreyas Rawat\Downloads\simulator-windows-64\IMG\right_2024_02_20_18_55_40_236.jpg, 0, 1, 0, 30.19031
C:\Users\Shreyas Rawat\Downloads\simulator-windows-64\IMG\center_2024_02_20_18_55_40_341.jpg, C:\Users\Shreyas Rawat\Downloads\simulator-windows-64\IMG\left_2024_02_20_18_55_40_341.jpg, C:\Users\Shreyas Rawat\Downloads\simulator-windows-64\IMG\right_2024_02_20_18_55_40_341.jpg, 0, 1, 0, 30.1903
C:\Users\Shreyas Rawat\Downloads\simulator-windows-64\IMG\center_2024_02_20_18_55_40_455.jpg, C:\Users\Shreyas Rawat\Downloads\simulator-windows-64\IMG\left_2024_02_20_18_55_40_455.jpg, C:\Users\Shreyas Rawat\Downloads\simulator-windows-64\IMG\right_2024_02_20_18_55_40_455.jpg, 0, 1, 0, 30.19035
C:\Users\Shreyas Rawat\Downloads\simulator-windows-64\IMG\center_2024_02_20_18_55_40_562.jpg, C:\Users\Shreyas Rawat\Downloads\simulator-windows-64\IMG\left_2024_02_20_18_55_40_562.jpg, C:\Users\Shreyas Rawat\Downloads\simulator-windows-64\IMG\right_2024_02_20_18_55_40_562.jpg, 0, 1, 0, 30.19029
C:\Users\Shreyas Rawat\Downloads\simulator-windows-64\IMG\center_2024_02_20_18_55_40_674.jpg, C:\Users\Shreyas Rawat\Downloads\simulator-windows-64\IMG\left_2024_02_20_18_55_40_674.jpg, C:\Users\Shreyas Rawat\Downloads\simulator-windows-64\IMG\right_2024_02_20_18_55_40_674.jpg, 0, 1, 0, 30.19029
C:\Users\Shreyas Rawat\Downloads\simulator-windows-64\IMG\center_2024_02_20_18_55_40_784.jpg, C:\Users\Shreyas Rawat\Downloads\simulator-windows-64\IMG\left_2024_02_20_18_55_40_784.jpg, C:\Users\Shreyas Rawat\Downloads\simulator-windows-64\IMG\right_2024_02_20_18_55_40_784.jpg, 0, 1, 0, 30.19031
C:\Users\Shreyas Rawat\Downloads\simulator-windows-64\IMG\center_2024_02_20_18_55_40_889.jpg, C:\Users\Shreyas Rawat\Downloads\simulator-windows-64\IMG\left_2024_02_20_18_55_40_889.jpg, C:\Users\Shreyas Rawat\Downloads\simulator-windows-64\IMG\right_2024_02_20_18_55_40_889.jpg, 0, 1, 0, 30.19029
C:\Users\Shreyas Rawat\Downloads\simulator-windows-64\IMG\center_2024_02_20_18_55_40_991.jpg, C:\Users\Shreyas Rawat\Downloads\simulator-windows-64\IMG\left_2024_02_20_18_55_40_991.jpg, C:\Users\Shreyas Rawat\Downloads\simulator-windows-64\IMG\right_2024_02_20_18_55_40_991.jpg, 0, 1, 0, 30.19029
C:\Users\Shreyas Rawat\Downloads\simulator-windows-64\IMG\center_2024_02_20_18_55_41_093.jpg, C:\Users\Shreyas Rawat\Downloads\simulator-windows-64\IMG\left_2024_02_20_18_55_41_093.jpg, C:\Users\Shreyas Rawat\Downloads\simulator-windows-64\IMG\right_2024_02_20_18_55_41_093.jpg, -0.133326, 1, 0, 30.18557
C:\Users\Shreyas Rawat\Downloads\simulator-windows-64\IMG\center_2024_02_20_18_55_41_207.jpg, C:\Users\Shreyas Rawat\Downloads\simulator-windows-64\IMG\left_2024_02_20_18_55_41_207.jpg, C:\Users\Shreyas Rawat\Downloads\simulator-windows-64\IMG\right_2024_02_20_18_55_41_207.jpg, 0, 1, 0, 30.1897
C:\Users\Shreyas Rawat\Downloads\simulator-windows-64\IMG\center_2024_02_20_18_55_41_308.jpg, C:\Users\Shreyas Rawat\Downloads\simulator-windows-64\IMG\left_2024_02_20_18_55_41_308.jpg, C:\Users\Shreyas Rawat\Downloads\simulator-windows-64\IMG\right_2024_02_20_18_55_41_308.jpg, 0, 1, 0, 30.19008
C:\Users\Shreyas Rawat\Downloads\simulator-windows-64\IMG\center_2024_02_20_18_55_41_422.jpg, C:\Users\Shreyas Rawat\Downloads\simulator-windows-64\IMG\left_2024_02_20_18_55_41_422.jpg, C:\Users\Shreyas Rawat\Downloads\simulator-windows-64\IMG\right_2024_02_20_18_55_41_422.jpg, 0, 1, 0, 30.19028
C:\Users\Shreyas Rawat\Downloads\simulator-windows-64\IMG\center_2024_02_20_18_55_41_532.jpg, C:\Users\Shreyas Rawat\Downloads\simulator-windows-64\IMG\left_2024_02_20_18_55_41_532.jpg, C:\Users\Shreyas Rawat\Downloads\simulator-windows-64\IMG\right_2024_02_20_18_55_41_532.jpg, 0, 1, 0, 30.19031
C:\Users\Shreyas Rawat\Downloads\simulator-windows-64\IMG\center_2024_02_20_18_55_41_636.jpg, C:\Users\Shreyas Rawat\Downloads\simulator-windows-64\IMG\left_2024_02_20_18_55_41_636.jpg, C:\Users\Shreyas Rawat\Downloads\simulator-windows-64\IMG\right_2024_02_20_18_55_41_636.jpg, 0, 1, 0, 30.19031
C:\Users\Shreyas Rawat\Downloads\simulator-windows-64\IMG\center_2024_02_20_18_55_41_739.jpg, C:\Users\Shreyas Rawat\Downloads\simulator-windows-64\IMG\left_2024_02_20_18_55_41_739.jpg, C:\Users\Shreyas Rawat\Downloads\simulator-windows-64\IMG\right_2024_02_20_18_55_41_739.jpg, 0, 1, 0, 30.1903
C:\Users\Shreyas Rawat\Downloads\simulator-windows-64\IMG\center_2024_02_20_18_55_41_848.jpg, C:\Users\Shreyas Rawat\Downloads\simulator-windows-64\IMG\left_2024_02_20_18_55_41_848.jpg, C:\Users\Shreyas Rawat\Downloads\simulator-windows-64\IMG\right_2024_02_20_18_55_41_848.jpg, 0, 1, 0, 30.19032
C:\Users\Shreyas Rawat\Downloads\simulator-windows-64\IMG\center_2024_02_20_18_55_41_955.jpg, C:\Users\Shreyas Rawat\Downloads\simulator-windows-64\IMG\left_2024_02_20_18_55_41_955.jpg, C:\Users\Shreyas Rawat\Downloads\simulator-windows-64\IMG\right_2024_02_20_18_55_41_955.jpg, 0, 1, 0, 30.1903
C:\Users\Shreyas Rawat\Downloads\simulator-windows-64\IMG\center_2024_02_20_18_55_42_066.jpg, C:\Users\Shreyas Rawat\Downloads\simulator-windows-64\IMG\left_2024_02_20_18_55_42_066.jpg, C:\Users\Shreyas Rawat\Downloads\simulator-windows-64\IMG\right_2024_02_20_18_55_42_066.jpg, 0, 1, 0, 30.19029
C:\Users\Shreyas Rawat\Downloads\simulator-windows-64\IMG\center_2024_02_20_18_55_42_171.jpg, C:\Users\Shreyas Rawat\Downloads\simulator-windows-64\IMG\left_2024_02_20_18_55_42_171.jpg, C:\Users\Shreyas Rawat\Downloads\simulator-windows-64\IMG\right_2024_02_20_18_55_42_171.jpg, 0, 1, 0, 30.1903
C:\Users\Shreyas Rawat\Downloads\simulator-windows-64\IMG\center_2024_02_20_18_55_42_283.jpg, C:\Users\Shreyas Rawat\Downloads\simulator-windows-64\IMG\left_2024_02_20_18_55_42_283.jpg, C:\Users\Shreyas Rawat\Downloads\simulator-windows-64\IMG\right_2024_02_20_18_55_42_283.jpg, 0, 1, 0, 30.1903
C:\Users\Shreyas Rawat\Downloads\simulator-windows-64\IMG\center_2024_02_20_18_55_42_390.jpg, C:\Users\Shreyas Rawat\Downloads\simulator-windows-64\IMG\left_2024_02_20_18_55_42_390.jpg, C:\Users\Shreyas Rawat\Downloads\simulator-windows-64\IMG\right_2024_02_20_18_55_42_390.jpg, 0, 1, 0, 30.1903
C:\Users\Shreyas Rawat\Downloads\simulator-windows-64\IMG\center_2024_02_20_18_55_42_501.jpg, C:\Users\Shreyas Rawat\Downloads\simulator-windows-64\IMG\left_2024_02_20_18_55_42_501.jpg, C:\Users\Shreyas Rawat\Downloads\simulator-windows-64\IMG\right_2024_02_20_18_55_42_501.jpg, -0.1051197, 1, 0, 30.18735
C:\Users\Shreyas Rawat\Downloads\simulator-windows-64\IMG\center_2024_02_20_18_55_42_607.jpg, C:\Users\Shreyas Rawat\Downloads\simulator-windows-64\IMG\left_2024_02_20_18_55_42_607.jpg, C:\Users\Shreyas Rawat\Downloads\simulator-windows-64\IMG\right_2024_02_20_18_55_42_607.jpg, 0, 1, 0, 30.19025
C:\Users\Shreyas Rawat\Downloads\simulator-windows-64\IMG\center_2024_02_20_18_55_42_715.jpg, C:\Users\Shreyas Rawat\Downloads\simulator-windows-64\IMG\left_2024_02_20_18_55_42_715.jpg, C:\Users\Shreyas Rawat\Downloads\simulator-windows-64\IMG\right_2024_02_20_18_55_42_715.jpg, 0, 1, 0, 30.19024
C:\Users\Shreyas Rawat\Downloads\simulator-windows-64\IMG\center_2024_02_20_18_55_42_831.jpg, C:\Users\Shreyas Rawat\Downloads\simulator-windows-64\IMG\left_2024_02_20_18_55_42_831.jpg, C:\Users\Shreyas Rawat\Downloads\simulator-windows-64\IMG\right_2024_02_20_18_55_42_831.jpg, 0, 1, 0, 30.1903
C:\Users\Shreyas Rawat\Downloads\simulator-windows-64\IMG\center_2024_02_20_18_55_42_941.jpg, C:\Users\Shreyas Rawat\Downloads\simulator-windows-64\IMG\left_2024_02_20_18_55_42_941.jpg, C:\Users\Shreyas Rawat\Downloads\simulator-windows-64\IMG\right_2024_02_20_18_55_42_941.jpg, 0, 1, 0, 30.19031
C:\Users\Shreyas Rawat\Downloads\simulator-windows-64\IMG\center_2024_02_20_18_55_43_046.jpg, C:\Users\Shreyas Rawat\Downloads\simulator-windows-64\IMG\left_2024_02_20_18_55_43_046.jpg, C:\Users\Shreyas Rawat\Downloads\simulator-windows-64\IMG\right_2024_02_20_18_55_43_046.jpg, 0, 1, 0, 30.1903
C:\Users\Shreyas Rawat\Downloads\simulator-windows-64\IMG\center_2024_02_20_18_55_43_149.jpg, C:\Users\Shreyas Rawat\Downloads\simulator-windows-64\IMG\left_2024_02_20_18_55_43_149.jpg, C:\Users\Shreyas Rawat\Downloads\simulator-windows-64\IMG\right_2024_02_20_18_55_43_149.jpg, 0, 1, 0, 30.19031
C:\Users\Shreyas Rawat\Downloads\simulator-windows-64\IMG\center_2024_02_20_18_55_43_251.jpg, C:\Users\Shreyas Rawat\Downloads\simulator-windows-64\IMG\left_2024_02_20_18_55_43_251.jpg, C:\Users\Shreyas Rawat\Downloads\simulator-windows-64\IMG\right_2024_02_20_18_55_43_251.jpg, 0, 1, 0, 30.19031
C:\Users\Shreyas Rawat\Downloads\simulator-windows-64\IMG\center_2024_02_20_18_55_43_361.jpg, C:\Users\Shreyas Rawat\Downloads\simulator-windows-64\IMG\left_2024_02_20_18_55_43_361.jpg, C:\Users\Shreyas Rawat\Downloads\simulator-windows-64\IMG\right_2024_02_20_18_55_43_361.jpg, -0.1086699, 1, 0, 30.18717
C:\Users\Shreyas Rawat\Downloads\simulator-windows-64\IMG\center_2024_02_20_18_55_43_462.jpg, C:\Users\Shreyas Rawat\Downloads\simulator-windows-64\IMG\left_2024_02_20_18_55_43_462.jpg, C:\Users\Shreyas Rawat\Downloads\simulator-windows-64\IMG\right_2024_02_20_18_55_43_462.jpg, 0, 1, 0, 30.19024
C:\Users\Shreyas Rawat\Downloads\simulator-windows-64\IMG\center_2024_02_20_18_55_43_576.jpg, C:\Users\Shreyas Rawat\Downloads\simulator-windows-64\IMG\left_2024_02_20_18_55_43_576.jpg, C:\Users\Shreyas Rawat\Downloads\simulator-windows-64\IMG\right_2024_02_20_18_55_43_576.jpg, 0, 1, 0, 30.19026
C:\Users\Shreyas Rawat\Downloads\simulator-windows-64\IMG\center_2024_02_20_18_55_43_681.jpg, C:\Users\Shreyas Rawat\Downloads\simulator-windows-64\IMG\left_2024_02_20_18_55_43_681.jpg, C:\Users\Shreyas Rawat\Downloads\simulator-windows-64\IMG\right_2024_02_20_18_55_43_681.jpg, 0, 1, 0, 30.19029
C:\Users\Shreyas Rawat\Downloads\simulator-windows-64\IMG\center_2024_02_20_18_55_43_783.jpg, C:\Users\Shreyas Rawat\Downloads\simulator-windows-64\IMG\left_2024_02_20_18_55_43_783.jpg, C:\Users\Shreyas Rawat\Downloads\simulator-windows-64\IMG\right_2024_02_20_18_55_43_783.jpg, 0, 1, 0, 30.19029
C:\Users\Shreyas Rawat\Downloads\simulator-windows-64\IMG\center_2024_02_20_18_55_43_890.jpg, C:\Users\Shreyas Rawat\Downloads\simulator-windows-64\IMG\left_2024_02_20_18_55_43_890.jpg, C:\Users\Shreyas Rawat\Downloads\simulator-windows-64\IMG\right_2024_02_20_18_55_43_890.jpg, 0, 1, 0, 30.19029
C:\Users\Shreyas Rawat\Downloads\simulator-windows-64\IMG\center_2024_02_20_18_55_43_997.jpg, C:\Users\Shreyas Rawat\Downloads\simulator-windows-64\IMG\left_2024_02_20_18_55_43_997.jpg, C:\Users\Shreyas Rawat\Downloads\simulator-windows-64\IMG\right_2024_02_20_18_55_43_997.jpg, -0.045366, 1, 0, 30.18984
C:\Users\Shreyas Rawat\Downloads\simulator-windows-64\IMG\center_2024_02_20_18_55_44_105.jpg, C:\Users\Shreyas Rawat\Downloads\simulator-windows-64\IMG\left_2024_02_20_18_55_44_105.jpg, C:\Users\Shreyas Rawat\Downloads\simulator-windows-64\IMG\right_2024_02_20_18_55_44_105.jpg, -0.1799895, 1, 0, 30.18412
C:\Users\Shreyas Rawat\Downloads\simulator-windows-64\IMG\center_2024_02_20_18_55_44_213.jpg, C:\Users\Shreyas Rawat\Downloads\simulator-windows-64\IMG\left_2024_02_20_18_55_44_213.jpg, C:\Users\Shreyas Rawat\Downloads\simulator-windows-64\IMG\right_2024_02_20_18_55_44_213.jpg, 0, 1, 0, 30.18986
C:\Users\Shreyas Rawat\Downloads\simulator-windows-64\IMG\center_2024_02_20_18_55_44_318.jpg, C:\Users\Shreyas Rawat\Downloads\simulator-windows-64\IMG\left_2024_02_20_18_55_44_318.jpg, C:\Users\Shreyas Rawat\Downloads\simulator-windows-64\IMG\right_2024_02_20_18_55_44_318.jpg, 0, 1, 0, 30.19023
C:\Users\Shreyas Rawat\Downloads\simulator-windows-64\IMG\center_2024_02_20_18_55_44_422.jpg, C:\Users\Shreyas Rawat\Downloads\simulator-windows-64\IMG\left_2024_02_20_18_55_44_422.jpg, C:\Users\Shreyas Rawat\Downloads\simulator-windows-64\IMG\right_2024_02_20_18_55_44_422.jpg, 0, 1, 0, 30.19029
C:\Users\Shreyas Rawat\Downloads\simulator-windows-64\IMG\center_2024_02_20_18_55_44_525.jpg, C:\Users\Shreyas Rawat\Downloads\simulator-windows-64\IMG\left_2024_02_20_18_55_44_525.jpg, C:\Users\Shreyas Rawat\Downloads\simulator-windows-64\IMG\right_2024_02_20_18_55_44_525.jpg, 0, 1, 0, 30.1903
C:\Users\Shreyas Rawat\Downloads\simulator-windows-64\IMG\center_2024_02_20_18_55_44_625.jpg, C:\Users\Shreyas Rawat\Downloads\simulator-windows-64\IMG\left_2024_02_20_18_55_44_625.jpg, C:\Users\Shreyas Rawat\Downloads\simulator-windows-64\IMG\right_2024_02_20_18_55_44_625.jpg, 0, 1, 0, 30.1903
C:\Users\Shreyas Rawat\Downloads\simulator-windows-64\IMG\center_2024_02_20_18_55_44_741.jpg, C:\Users\Shreyas Rawat\Downloads\simulator-windows-64\IMG\left_2024_02_20_18_55_44_741.jpg, C:\Users\Shreyas Rawat\Downloads\simulator-windows-64\IMG\right_2024_02_20_18_55_44_741.jpg, 0, 1, 0, 30.19029
C:\Users\Shreyas Rawat\Downloads\simulator-windows-64\IMG\center_2024_02_20_18_55_44_852.jpg, C:\Users\Shreyas Rawat\Downloads\simulator-windows-64\IMG\left_2024_02_20_18_55_44_852.jpg, C:\Users\Shreyas Rawat\Downloads\simulator-windows-64\IMG\right_2024_02_20_18_55_44_852.jpg, 0, 1, 0, 30.19031
C:\Users\Shreyas Rawat\Downloads\simulator-windows-64\IMG\center_2024_02_20_18_55_44_967.jpg, C:\Users\Shreyas Rawat\Downloads\simulator-windows-64\IMG\left_2024_02_20_18_55_44_967.jpg, C:\Users\Shreyas Rawat\Downloads\simulator-windows-64\IMG\right_2024_02_20_18_55_44_967.jpg, 0, 1, 0, 30.1903
C:\Users\Shreyas Rawat\Downloads\simulator-windows-64\IMG\center_2024_02_20_18_55_45_075.jpg, C:\Users\Shreyas Rawat\Downloads\simulator-windows-64\IMG\left_2024_02_20_18_55_45_075.jpg, C:\Users\Shreyas Rawat\Downloads\simulator-windows-64\IMG\right_2024_02_20_18_55_45_075.jpg, 0, 1, 0, 30.19029
C:\Users\Shreyas Rawat\Downloads\simulator-windows-64\IMG\center_2024_02_20_18_55_45_181.jpg, C:\Users\Shreyas Rawat\Downloads\simulator-windows-64\IMG\left_2024_02_20_18_55_45_181.jpg, C:\Users\Shreyas Rawat\Downloads\simulator-windows-64\IMG\right_2024_02_20_18_55_45_181.jpg, 0, 1, 0, 30.1903
C:\Users\Shreyas Rawat\Downloads\simulator-windows-64\IMG\center_2024_02_20_18_55_45_289.jpg, C:\Users\Shreyas Rawat\Downloads\simulator-windows-64\IMG\left_2024_02_20_18_55_45_289.jpg, C:\Users\Shreyas Rawat\Downloads\simulator-windows-64\IMG\right_2024_02_20_18_55_45_289.jpg, -0.09361741, 1, 0, 30.18772
C:\Users\Shreyas Rawat\Downloads\simulator-windows-64\IMG\center_2024_02_20_18_55_45_400.jpg, C:\Users\Shreyas Rawat\Downloads\simulator-windows-64\IMG\left_2024_02_20_18_55_45_400.jpg, C:\Users\Shreyas Rawat\Downloads\simulator-windows-64\IMG\right_2024_02_20_18_55_45_400.jpg, 0, 1, 0, 30.19028
C:\Users\Shreyas Rawat\Downloads\simulator-windows-64\IMG\center_2024_02_20_18_55_45_516.jpg, C:\Users\Shreyas Rawat\Downloads\simulator-windows-64\IMG\left_2024_02_20_18_55_45_516.jpg, C:\Users\Shreyas Rawat\Downloads\simulator-windows-64\IMG\right_2024_02_20_18_55_45_516.jpg, 0, 1, 0, 30.19029
C:\Users\Shreyas Rawat\Downloads\simulator-windows-64\IMG\center_2024_02_20_18_55_45_636.jpg, C:\Users\Shreyas Rawat\Downloads\simulator-windows-64\IMG\left_2024_02_20_18_55_45_636.jpg, C:\Users\Shreyas Rawat\Downloads\simulator-windows-64\IMG\right_2024_02_20_18_55_45_636.jpg, 0, 1, 0, 30.19041
C:\Users\Shreyas Rawat\Downloads\simulator-windows-64\IMG\center_2024_02_20_18_55_45_747.jpg, C:\Users\Shreyas Rawat\Downloads\simulator-windows-64\IMG\left_2024_02_20_18_55_45_747.jpg, C:\Users\Shreyas Rawat\Downloads\simulator-windows-64\IMG\right_2024_02_20_18_55_45_747.jpg, 0, 1, 0, 30.19029
C:\Users\Shreyas Rawat\Downloads\simulator-windows-64\IMG\center_2024_02_20_18_55_45_855.jpg, C:\Users\Shreyas Rawat\Downloads\simulator-windows-64\IMG\left_2024_02_20_18_55_45_855.jpg, C:\Users\Shreyas Rawat\Downloads\simulator-windows-64\IMG\right_2024_02_20_18_55_45_855.jpg, -0.03286619, 1, 0, 30.19036
C:\Users\Shreyas Rawat\Downloads\simulator-windows-64\IMG\center_2024_02_20_18_55_45_959.jpg, C:\Users\Shreyas Rawat\Downloads\simulator-windows-64\IMG\left_2024_02_20_18_55_45_959.jpg, C:\Users\Shreyas Rawat\Downloads\simulator-windows-64\IMG\right_2024_02_20_18_55_45_959.jpg, 0, 1, 0, 30.19018
C:\Users\Shreyas Rawat\Downloads\simulator-windows-64\IMG\center_2024_02_20_18_55_46_069.jpg, C:\Users\Shreyas Rawat\Downloads\simulator-windows-64\IMG\left_2024_02_20_18_55_46_069.jpg, C:\Users\Shreyas Rawat\Downloads\simulator-windows-64\IMG\right_2024_02_20_18_55_46_069.jpg, 0, 1, 0, 30.19029
C:\Users\Shreyas Rawat\Downloads\simulator-windows-64\IMG\center_2024_02_20_18_55_46_183.jpg, C:\Users\Shreyas Rawat\Downloads\simulator-windows-64\IMG\left_2024_02_20_18_55_46_183.jpg, C:\Users\Shreyas Rawat\Downloads\simulator-windows-64\IMG\right_2024_02_20_18_55_46_183.jpg, 0, 1, 0, 30.1903
C:\Users\Shreyas Rawat\Downloads\simulator-windows-64\IMG\center_2024_02_20_18_55_46_285.jpg, C:\Users\Shreyas Rawat\Downloads\simulator-windows-64\IMG\left_2024_02_20_18_55_46_285.jpg, C:\Users\Shreyas Rawat\Downloads\simulator-windows-64\IMG\right_2024_02_20_18_55_46_285.jpg, 0, 1, 0, 30.19029
C:\Users\Shreyas Rawat\Downloads\simulator-windows-64\IMG\center_2024_02_20_18_55_46_399.jpg, C:\Users\Shreyas Rawat\Downloads\simulator-windows-64\IMG\left_2024_02_20_18_55_46_399.jpg, C:\Users\Shreyas Rawat\Downloads\simulator-windows-64\IMG\right_2024_02_20_18_55_46_399.jpg, 0, 1, 0, 30.19028
C:\Users\Shreyas Rawat\Downloads\simulator-windows-64\IMG\center_2024_02_20_18_55_46_503.jpg, C:\Users\Shreyas Rawat\Downloads\simulator-windows-64\IMG\left_2024_02_20_18_55_46_503.jpg, C:\Users\Shreyas Rawat\Downloads\simulator-windows-64\IMG\right_2024_02_20_18_55_46_503.jpg, 0, 1, 0, 30.19028
C:\Users\Shreyas Rawat\Downloads\simulator-windows-64\IMG\center_2024_02_20_18_55_46_611.jpg, C:\Users\Shreyas Rawat\Downloads\simulator-windows-64\IMG\left_2024_02_20_18_55_46_611.jpg, C:\Users\Shreyas Rawat\Downloads\simulator-windows-64\IMG\right_2024_02_20_18_55_46_611.jpg, 0, 1, 0, 30.1903
C:\Users\Shreyas Rawat\Downloads\simulator-windows-64\IMG\center_2024_02_20_18_55_46_717.jpg, C:\Users\Shreyas Rawat\Downloads\simulator-windows-64\IMG\left_2024_02_20_18_55_46_717.jpg, C:\Users\Shreyas Rawat\Downloads\simulator-windows-64\IMG\right_2024_02_20_18_55_46_717.jpg, 0, 1, 0, 30.1903
C:\Users\Shreyas Rawat\Downloads\simulator-windows-64\IMG\center_2024_02_20_18_55_46_825.jpg, C:\Users\Shreyas Rawat\Downloads\simulator-windows-64\IMG\left_2024_02_20_18_55_46_825.jpg, C:\Users\Shreyas Rawat\Downloads\simulator-windows-64\IMG\right_2024_02_20_18_55_46_825.jpg, 0, 1, 0, 30.19011
C:\Users\Shreyas Rawat\Downloads\simulator-windows-64\IMG\center_2024_02_20_18_55_46_933.jpg, C:\Users\Shreyas Rawat\Downloads\simulator-windows-64\IMG\left_2024_02_20_18_55_46_933.jpg, C:\Users\Shreyas Rawat\Downloads\simulator-windows-64\IMG\right_2024_02_20_18_55_46_933.jpg, 0, 1, 0, 30.19027
C:\Users\Shreyas Rawat\Downloads\simulator-windows-64\IMG\center_2024_02_20_18_55_47_036.jpg, C:\Users\Shreyas Rawat\Downloads\simulator-windows-64\IMG\left_2024_02_20_18_55_47_036.jpg, C:\Users\Shreyas Rawat\Downloads\simulator-windows-64\IMG\right_2024_02_20_18_55_47_036.jpg, 0, 1, 0, 30.19044
C:\Users\Shreyas Rawat\Downloads\simulator-windows-64\IMG\center_2024_02_20_18_55_47_151.jpg, C:\Users\Shreyas Rawat\Downloads\simulator-windows-64\IMG\left_2024_02_20_18_55_47_151.jpg, C:\Users\Shreyas Rawat\Downloads\simulator-windows-64\IMG\right_2024_02_20_18_55_47_151.jpg, 0, 1, 0, 30.19029
C:\Users\Shreyas Rawat\Downloads\simulator-windows-64\IMG\center_2024_02_20_18_55_47_263.jpg, C:\Users\Shreyas Rawat\Downloads\simulator-windows-64\IMG\left_2024_02_20_18_55_47_263.jpg, C:\Users\Shreyas Rawat\Downloads\simulator-windows-64\IMG\right_2024_02_20_18_55_47_263.jpg, -0.1957518, 1, 0, 30.18014
C:\Users\Shreyas Rawat\Downloads\simulator-windows-64\IMG\center_2024_02_20_18_55_47_369.jpg, C:\Users\Shreyas Rawat\Downloads\simulator-windows-64\IMG\left_2024_02_20_18_55_47_369.jpg, C:\Users\Shreyas Rawat\Downloads\simulator-windows-64\IMG\right_2024_02_20_18_55_47_369.jpg, 0, 1, 0, 30.18996
C:\Users\Shreyas Rawat\Downloads\simulator-windows-64\IMG\center_2024_02_20_18_55_47_473.jpg, C:\Users\Shreyas Rawat\Downloads\simulator-windows-64\IMG\left_2024_02_20_18_55_47_473.jpg, C:\Users\Shreyas Rawat\Downloads\simulator-windows-64\IMG\right_2024_02_20_18_55_47_473.jpg, 0, 1, 0, 30.19027
C:\Users\Shreyas Rawat\Downloads\simulator-windows-64\IMG\center_2024_02_20_18_55_47_587.jpg, C:\Users\Shreyas Rawat\Downloads\simulator-windows-64\IMG\left_2024_02_20_18_55_47_587.jpg, C:\Users\Shreyas Rawat\Downloads\simulator-windows-64\IMG\right_2024_02_20_18_55_47_587.jpg, 0, 1, 0, 30.19029
C:\Users\Shreyas Rawat\Downloads\simulator-windows-64\IMG\center_2024_02_20_18_55_47_696.jpg, C:\Users\Shreyas Rawat\Downloads\simulator-windows-64\IMG\left_2024_02_20_18_55_47_696.jpg, C:\Users\Shreyas Rawat\Downloads\simulator-windows-64\IMG\right_2024_02_20_18_55_47_696.jpg, 0, 1, 0, 30.19031
C:\Users\Shreyas Rawat\Downloads\simulator-windows-64\IMG\center_2024_02_20_18_55_47_806.jpg, C:\Users\Shreyas Rawat\Downloads\simulator-windows-64\IMG\left_2024_02_20_18_55_47_806.jpg, C:\Users\Shreyas Rawat\Downloads\simulator-windows-64\IMG\right_2024_02_20_18_55_47_806.jpg, 0, 1, 0, 30.19032
C:\Users\Shreyas Rawat\Downloads\simulator-windows-64\IMG\center_2024_02_20_18_55_47_916.jpg, C:\Users\Shreyas Rawat\Downloads\simulator-windows-64\IMG\left_2024_02_20_18_55_47_916.jpg, C:\Users\Shreyas Rawat\Downloads\simulator-windows-64\IMG\right_2024_02_20_18_55_47_916.jpg, 0, 1, 0, 30.1903
C:\Users\Shreyas Rawat\Downloads\simulator-windows-64\IMG\center_2024_02_20_18_55_48_028.jpg, C:\Users\Shreyas Rawat\Downloads\simulator-windows-64\IMG\left_2024_02_20_18_55_48_028.jpg, C:\Users\Shreyas Rawat\Downloads\simulator-windows-64\IMG\right_2024_02_20_18_55_48_028.jpg, -0.1532697, 1, 0, 30.18345
C:\Users\Shreyas Rawat\Downloads\simulator-windows-64\IMG\center_2024_02_20_18_55_48_132.jpg, C:\Users\Shreyas Rawat\Downloads\simulator-windows-64\IMG\left_2024_02_20_18_55_48_132.jpg, C:\Users\Shreyas Rawat\Downloads\simulator-windows-64\IMG\right_2024_02_20_18_55_48_132.jpg, 0, 1, 0, 30.19018
C:\Users\Shreyas Rawat\Downloads\simulator-windows-64\IMG\center_2024_02_20_18_55_48_236.jpg, C:\Users\Shreyas Rawat\Downloads\simulator-windows-64\IMG\left_2024_02_20_18_55_48_236.jpg, C:\Users\Shreyas Rawat\Downloads\simulator-windows-64\IMG\right_2024_02_20_18_55_48_236.jpg, 0, 1, 0, 30.19028
C:\Users\Shreyas Rawat\Downloads\simulator-windows-64\IMG\center_2024_02_20_18_55_48_345.jpg, C:\Users\Shreyas Rawat\Downloads\simulator-windows-64\IMG\left_2024_02_20_18_55_48_345.jpg, C:\Users\Shreyas Rawat\Downloads\simulator-windows-64\IMG\right_2024_02_20_18_55_48_345.jpg, 0, 1, 0, 30.1903
C:\Users\Shreyas Rawat\Downloads\simulator-windows-64\IMG\center_2024_02_20_18_55_48_451.jpg, C:\Users\Shreyas Rawat\Downloads\simulator-windows-64\IMG\left_2024_02_20_18_55_48_451.jpg, C:\Users\Shreyas Rawat\Downloads\simulator-windows-64\IMG\right_2024_02_20_18_55_48_451.jpg, 0, 1, 0, 30.19046
C:\Users\Shreyas Rawat\Downloads\simulator-windows-64\IMG\center_2024_02_20_18_55_48_556.jpg, C:\Users\Shreyas Rawat\Downloads\simulator-windows-64\IMG\left_2024_02_20_18_55_48_556.jpg, C:\Users\Shreyas Rawat\Downloads\simulator-windows-64\IMG\right_2024_02_20_18_55_48_556.jpg, 0, 1, 0, 30.19028
C:\Users\Shreyas Rawat\Downloads\simulator-windows-64\IMG\center_2024_02_20_18_55_48_671.jpg, C:\Users\Shreyas Rawat\Downloads\simulator-windows-64\IMG\left_2024_02_20_18_55_48_671.jpg, C:\Users\Shreyas Rawat\Downloads\simulator-windows-64\IMG\right_2024_02_20_18_55_48_671.jpg, -0.1074273, 1, 0, 30.18924
C:\Users\Shreyas Rawat\Downloads\simulator-windows-64\IMG\center_2024_02_20_18_55_48_775.jpg, C:\Users\Shreyas Rawat\Downloads\simulator-windows-64\IMG\left_2024_02_20_18_55_48_775.jpg, C:\Users\Shreyas Rawat\Downloads\simulator-windows-64\IMG\right_2024_02_20_18_55_48_775.jpg, 0, 1, 0, 30.19018
C:\Users\Shreyas Rawat\Downloads\simulator-windows-64\IMG\center_2024_02_20_18_55_48_880.jpg, C:\Users\Shreyas Rawat\Downloads\simulator-windows-64\IMG\left_2024_02_20_18_55_48_880.jpg, C:\Users\Shreyas Rawat\Downloads\simulator-windows-64\IMG\right_2024_02_20_18_55_48_880.jpg, 0, 1, 0, 30.1903
C:\Users\Shreyas Rawat\Downloads\simulator-windows-64\IMG\center_2024_02_20_18_55_48_990.jpg, C:\Users\Shreyas Rawat\Downloads\simulator-windows-64\IMG\left_2024_02_20_18_55_48_990.jpg, C:\Users\Shreyas Rawat\Downloads\simulator-windows-64\IMG\right_2024_02_20_18_55_48_990.jpg, 0, 1, 0, 30.19032
C:\Users\Shreyas Rawat\Downloads\simulator-windows-64\IMG\center_2024_02_20_18_55_49_107.jpg, C:\Users\Shreyas Rawat\Downloads\simulator-windows-64\IMG\left_2024_02_20_18_55_49_107.jpg, C:\Users\Shreyas Rawat\Downloads\simulator-windows-64\IMG\right_2024_02_20_18_55_49_107.jpg, 0, 1, 0, 30.19031
C:\Users\Shreyas Rawat\Downloads\simulator-windows-64\IMG\center_2024_02_20_18_55_49_217.jpg, C:\Users\Shreyas Rawat\Downloads\simulator-windows-64\IMG\left_2024_02_20_18_55_49_217.jpg, C:\Users\Shreyas Rawat\Downloads\simulator-windows-64\IMG\right_2024_02_20_18_55_49_217.jpg, 0, 1, 0, 30.19031
C:\Users\Shreyas Rawat\Downloads\simulator-windows-64\IMG\center_2024_02_20_18_55_49_321.jpg, C:\Users\Shreyas Rawat\Downloads\simulator-windows-64\IMG\left_2024_02_20_18_55_49_321.jpg, C:\Users\Shreyas Rawat\Downloads\simulator-windows-64\IMG\right_2024_02_20_18_55_49_321.jpg, 0, 1, 0, 30.19027
C:\Users\Shreyas Rawat\Downloads\simulator-windows-64\IMG\center_2024_02_20_18_55_49_427.jpg, C:\Users\Shreyas Rawat\Downloads\simulator-windows-64\IMG\left_2024_02_20_18_55_49_427.jpg, C:\Users\Shreyas Rawat\Downloads\simulator-windows-64\IMG\right_2024_02_20_18_55_49_427.jpg, 0, 1, 0, 30.19033
C:\Users\Shreyas Rawat\Downloads\simulator-windows-64\IMG\center_2024_02_20_18_55_49_530.jpg, C:\Users\Shreyas Rawat\Downloads\simulator-windows-64\IMG\left_2024_02_20_18_55_49_530.jpg, C:\Users\Shreyas Rawat\Downloads\simulator-windows-64\IMG\right_2024_02_20_18_55_49_530.jpg, 0, 1, 0, 30.19031
C:\Users\Shreyas Rawat\Downloads\simulator-windows-64\IMG\center_2024_02_20_18_55_49_638.jpg, C:\Users\Shreyas Rawat\Downloads\simulator-windows-64\IMG\left_2024_02_20_18_55_49_638.jpg, C:\Users\Shreyas Rawat\Downloads\simulator-windows-64\IMG\right_2024_02_20_18_55_49_638.jpg, -0.04545539, 1, 0, 30.19035
C:\Users\Shreyas Rawat\Downloads\simulator-windows-64\IMG\center_2024_02_20_18_55_49_738.jpg, C:\Users\Shreyas Rawat\Downloads\simulator-windows-64\IMG\left_2024_02_20_18_55_49_738.jpg, C:\Users\Shreyas Rawat\Downloads\simulator-windows-64\IMG\right_2024_02_20_18_55_49_738.jpg, 0, 1, 0, 30.19026
C:\Users\Shreyas Rawat\Downloads\simulator-windows-64\IMG\center_2024_02_20_18_55_49_840.jpg, C:\Users\Shreyas Rawat\Downloads\simulator-windows-64\IMG\left_2024_02_20_18_55_49_840.jpg, C:\Users\Shreyas Rawat\Downloads\simulator-windows-64\IMG\right_2024_02_20_18_55_49_840.jpg, 0, 1, 0, 30.19043
C:\Users\Shreyas Rawat\Downloads\simulator-windows-64\IMG\center_2024_02_20_18_55_49_949.jpg, C:\Users\Shreyas Rawat\Downloads\simulator-windows-64\IMG\left_2024_02_20_18_55_49_949.jpg, C:\Users\Shreyas Rawat\Downloads\simulator-windows-64\IMG\right_2024_02_20_18_55_49_949.jpg, 0, 1, 0, 30.19029
C:\Users\Shreyas Rawat\Downloads\simulator-windows-64\IMG\center_2024_02_20_18_55_50_055.jpg, C:\Users\Shreyas Rawat\Downloads\simulator-windows-64\IMG\left_2024_02_20_18_55_50_055.jpg, C:\Users\Shreyas Rawat\Downloads\simulator-windows-64\IMG\right_2024_02_20_18_55_50_055.jpg, 0, 1, 0, 30.19043
C:\Users\Shreyas Rawat\Downloads\simulator-windows-64\IMG\center_2024_02_20_18_55_50_163.jpg, C:\Users\Shreyas Rawat\Downloads\simulator-windows-64\IMG\left_2024_02_20_18_55_50_163.jpg, C:\Users\Shreyas Rawat\Downloads\simulator-windows-64\IMG\right_2024_02_20_18_55_50_163.jpg, 0, 1, 0, 30.19028
C:\Users\Shreyas Rawat\Downloads\simulator-windows-64\IMG\center_2024_02_20_18_55_50_281.jpg, C:\Users\Shreyas Rawat\Downloads\simulator-windows-64\IMG\left_2024_02_20_18_55_50_281.jpg, C:\Users\Shreyas Rawat\Downloads\simulator-windows-64\IMG\right_2024_02_20_18_55_50_281.jpg, 0, 1, 0, 30.19031
C:\Users\Shreyas Rawat\Downloads\simulator-windows-64\IMG\center_2024_02_20_18_55_50_383.jpg, C:\Users\Shreyas Rawat\Downloads\simulator-windows-64\IMG\left_2024_02_20_18_55_50_383.jpg, C:\Users\Shreyas Rawat\Downloads\simulator-windows-64\IMG\right_2024_02_20_18_55_50_383.jpg, 0, 1, 0, 30.19031
C:\Users\Shreyas Rawat\Downloads\simulator-windows-64\IMG\center_2024_02_20_18_55_50_491.jpg, C:\Users\Shreyas Rawat\Downloads\simulator-windows-64\IMG\left_2024_02_20_18_55_50_491.jpg, C:\Users\Shreyas Rawat\Downloads\simulator-windows-64\IMG\right_2024_02_20_18_55_50_491.jpg, 0, 1, 0, 30.1903
C:\Users\Shreyas Rawat\Downloads\simulator-windows-64\IMG\center_2024_02_20_18_55_50_596.jpg, C:\Users\Shreyas Rawat\Downloads\simulator-windows-64\IMG\left_2024_02_20_18_55_50_596.jpg, C:\Users\Shreyas Rawat\Downloads\simulator-windows-64\IMG\right_2024_02_20_18_55_50_596.jpg, 0, 1, 0, 30.19028
C:\Users\Shreyas Rawat\Downloads\simulator-windows-64\IMG\center_2024_02_20_18_55_50_704.jpg, C:\Users\Shreyas Rawat\Downloads\simulator-windows-64\IMG\left_2024_02_20_18_55_50_704.jpg, C:\Users\Shreyas Rawat\Downloads\simulator-windows-64\IMG\right_2024_02_20_18_55_50_704.jpg, 0, 1, 0, 30.1903
C:\Users\Shreyas Rawat\Downloads\simulator-windows-64\IMG\center_2024_02_20_18_55_50_813.jpg, C:\Users\Shreyas Rawat\Downloads\simulator-windows-64\IMG\left_2024_02_20_18_55_50_813.jpg, C:\Users\Shreyas Rawat\Downloads\simulator-windows-64\IMG\right_2024_02_20_18_55_50_813.jpg, 0, 1, 0, 30.19031
C:\Users\Shreyas Rawat\Downloads\simulator-windows-64\IMG\center_2024_02_20_18_55_50_921.jpg, C:\Users\Shreyas Rawat\Downloads\simulator-windows-64\IMG\left_2024_02_20_18_55_50_921.jpg, C:\Users\Shreyas Rawat\Downloads\simulator-windows-64\IMG\right_2024_02_20_18_55_50_921.jpg, 0, 1, 0, 30.19027
C:\Users\Shreyas Rawat\Downloads\simulator-windows-64\IMG\center_2024_02_20_18_55_51_035.jpg, C:\Users\Shreyas Rawat\Downloads\simulator-windows-64\IMG\left_2024_02_20_18_55_51_035.jpg, C:\Users\Shreyas Rawat\Downloads\simulator-windows-64\IMG\right_2024_02_20_18_55_51_035.jpg, 0, 1, 0, 30.1903
C:\Users\Shreyas Rawat\Downloads\simulator-windows-64\IMG\center_2024_02_20_18_55_51_149.jpg, C:\Users\Shreyas Rawat\Downloads\simulator-windows-64\IMG\left_2024_02_20_18_55_51_149.jpg, C:\Users\Shreyas Rawat\Downloads\simulator-windows-64\IMG\right_2024_02_20_18_55_51_149.jpg, -0.0499887, 1, 0, 30.18973
C:\Users\Shreyas Rawat\Downloads\simulator-windows-64\IMG\center_2024_02_20_18_55_51_258.jpg, C:\Users\Shreyas Rawat\Downloads\simulator-windows-64\IMG\left_2024_02_20_18_55_51_258.jpg, C:\Users\Shreyas Rawat\Downloads\simulator-windows-64\IMG\right_2024_02_20_18_55_51_258.jpg, 0, 1, 0, 30.19002
C:\Users\Shreyas Rawat\Downloads\simulator-windows-64\IMG\center_2024_02_20_18_55_51_367.jpg, C:\Users\Shreyas Rawat\Downloads\simulator-windows-64\IMG\left_2024_02_20_18_55_51_367.jpg, C:\Users\Shreyas Rawat\Downloads\simulator-windows-64\IMG\right_2024_02_20_18_55_51_367.jpg, 0, 1, 0, 30.19023
C:\Users\Shreyas Rawat\Downloads\simulator-windows-64\IMG\center_2024_02_20_18_55_51_473.jpg, C:\Users\Shreyas Rawat\Downloads\simulator-windows-64\IMG\left_2024_02_20_18_55_51_473.jpg, C:\Users\Shreyas Rawat\Downloads\simulator-windows-64\IMG\right_2024_02_20_18_55_51_473.jpg, 0, 1, 0, 30.1905
C:\Users\Shreyas Rawat\Downloads\simulator-windows-64\IMG\center_2024_02_20_18_55_51_576.jpg, C:\Users\Shreyas Rawat\Downloads\simulator-windows-64\IMG\left_2024_02_20_18_55_51_576.jpg, C:\Users\Shreyas Rawat\Downloads\simulator-windows-64\IMG\right_2024_02_20_18_55_51_576.jpg, -0.0462933, 1, 0, 30.18986
C:\Users\Shreyas Rawat\Downloads\simulator-windows-64\IMG\center_2024_02_20_18_55_51_683.jpg, C:\Users\Shreyas Rawat\Downloads\simulator-windows-64\IMG\left_2024_02_20_18_55_51_683.jpg, C:\Users\Shreyas Rawat\Downloads\simulator-windows-64\IMG\right_2024_02_20_18_55_51_683.jpg, 0, 1, 0, 30.18999
C:\Users\Shreyas Rawat\Downloads\simulator-windows-64\IMG\center_2024_02_20_18_55_51_801.jpg, C:\Users\Shreyas Rawat\Downloads\simulator-windows-64\IMG\left_2024_02_20_18_55_51_801.jpg, C:\Users\Shreyas Rawat\Downloads\simulator-windows-64\IMG\right_2024_02_20_18_55_51_801.jpg, 0, 1, 0, 30.19025
C:\Users\Shreyas Rawat\Downloads\simulator-windows-64\IMG\center_2024_02_20_18_55_51_912.jpg, C:\Users\Shreyas Rawat\Downloads\simulator-windows-64\IMG\left_2024_02_20_18_55_51_912.jpg, C:\Users\Shreyas Rawat\Downloads\simulator-windows-64\IMG\right_2024_02_20_18_55_51_912.jpg, 0, 1, 0, 30.19028
C:\Users\Shreyas Rawat\Downloads\simulator-windows-64\IMG\center_2024_02_20_18_55_52_014.jpg, C:\Users\Shreyas Rawat\Downloads\simulator-windows-64\IMG\left_2024_02_20_18_55_52_014.jpg, C:\Users\Shreyas Rawat\Downloads\simulator-windows-64\IMG\right_2024_02_20_18_55_52_014.jpg, -0.1349658, 1, 0, 30.18564
C:\Users\Shreyas Rawat\Downloads\simulator-windows-64\IMG\center_2024_02_20_18_55_52_128.jpg, C:\Users\Shreyas Rawat\Downloads\simulator-windows-64\IMG\left_2024_02_20_18_55_52_128.jpg, C:\Users\Shreyas Rawat\Downloads\simulator-windows-64\IMG\right_2024_02_20_18_55_52_128.jpg, 0, 1, 0, 30.18971
C:\Users\Shreyas Rawat\Downloads\simulator-windows-64\IMG\center_2024_02_20_18_55_52_229.jpg, C:\Users\Shreyas Rawat\Downloads\simulator-windows-64\IMG\left_2024_02_20_18_55_52_229.jpg, C:\Users\Shreyas Rawat\Downloads\simulator-windows-64\IMG\right_2024_02_20_18_55_52_229.jpg, 0, 1, 0, 30.19009
C:\Users\Shreyas Rawat\Downloads\simulator-windows-64\IMG\center_2024_02_20_18_55_52_330.jpg, C:\Users\Shreyas Rawat\Downloads\simulator-windows-64\IMG\left_2024_02_20_18_55_52_330.jpg, C:\Users\Shreyas Rawat\Downloads\simulator-windows-64\IMG\right_2024_02_20_18_55_52_330.jpg, 0, 1, 0, 30.19031
C:\Users\Shreyas Rawat\Downloads\simulator-windows-64\IMG\center_2024_02_20_18_55_52_433.jpg, C:\Users\Shreyas Rawat\Downloads\simulator-windows-64\IMG\left_2024_02_20_18_55_52_433.jpg, C:\Users\Shreyas Rawat\Downloads\simulator-windows-64\IMG\right_2024_02_20_18_55_52_433.jpg, 0, 1, 0, 30.1903
C:\Users\Shreyas Rawat\Downloads\simulator-windows-64\IMG\center_2024_02_20_18_55_52_538.jpg, C:\Users\Shreyas Rawat\Downloads\simulator-windows-64\IMG\left_2024_02_20_18_55_52_538.jpg, C:\Users\Shreyas Rawat\Downloads\simulator-windows-64\IMG\right_2024_02_20_18_55_52_538.jpg, 0, 1, 0, 30.1903
C:\Users\Shreyas Rawat\Downloads\simulator-windows-64\IMG\center_2024_02_20_18_55_52_652.jpg, C:\Users\Shreyas Rawat\Downloads\simulator-windows-64\IMG\left_2024_02_20_18_55_52_652.jpg, C:\Users\Shreyas Rawat\Downloads\simulator-windows-64\IMG\right_2024_02_20_18_55_52_652.jpg, 0, 1, 0, 30.19023
C:\Users\Shreyas Rawat\Downloads\simulator-windows-64\IMG\center_2024_02_20_18_55_52_754.jpg, C:\Users\Shreyas Rawat\Downloads\simulator-windows-64\IMG\left_2024_02_20_18_55_52_754.jpg, C:\Users\Shreyas Rawat\Downloads\simulator-windows-64\IMG\right_2024_02_20_18_55_52_754.jpg, 0, 1, 0, 30.19029
C:\Users\Shreyas Rawat\Downloads\simulator-windows-64\IMG\center_2024_02_20_18_55_52_866.jpg, C:\Users\Shreyas Rawat\Downloads\simulator-windows-64\IMG\left_2024_02_20_18_55_52_866.jpg, C:\Users\Shreyas Rawat\Downloads\simulator-windows-64\IMG\right_2024_02_20_18_55_52_866.jpg, -0.2490513, 1, 0, 30.17591
C:\Users\Shreyas Rawat\Downloads\simulator-windows-64\IMG\center_2024_02_20_18_55_52_976.jpg, C:\Users\Shreyas Rawat\Downloads\simulator-windows-64\IMG\left_2024_02_20_18_55_52_976.jpg, C:\Users\Shreyas Rawat\Downloads\simulator-windows-64\IMG\right_2024_02_20_18_55_52_976.jpg, 0, 1, 0, 30.18927
C:\Users\Shreyas Rawat\Downloads\simulator-windows-64\IMG\center_2024_02_20_18_55_53_082.jpg, C:\Users\Shreyas Rawat\Downloads\simulator-windows-64\IMG\left_2024_02_20_18_55_53_082.jpg, C:\Users\Shreyas Rawat\Downloads\simulator-windows-64\IMG\right_2024_02_20_18_55_53_082.jpg, 0, 1, 0, 30.19018
C:\Users\Shreyas Rawat\Downloads\simulator-windows-64\IMG\center_2024_02_20_18_55_53_190.jpg, C:\Users\Shreyas Rawat\Downloads\simulator-windows-64\IMG\left_2024_02_20_18_55_53_190.jpg, C:\Users\Shreyas Rawat\Downloads\simulator-windows-64\IMG\right_2024_02_20_18_55_53_190.jpg, 0, 1, 0, 30.19028
C:\Users\Shreyas Rawat\Downloads\simulator-windows-64\IMG\center_2024_02_20_18_55_53_302.jpg, C:\Users\Shreyas Rawat\Downloads\simulator-windows-64\IMG\left_2024_02_20_18_55_53_302.jpg, C:\Users\Shreyas Rawat\Downloads\simulator-windows-64\IMG\right_2024_02_20_18_55_53_302.jpg, 0, 1, 0, 30.19026
C:\Users\Shreyas Rawat\Downloads\simulator-windows-64\IMG\center_2024_02_20_18_55_53_410.jpg, C:\Users\Shreyas Rawat\Downloads\simulator-windows-64\IMG\left_2024_02_20_18_55_53_410.jpg, C:\Users\Shreyas Rawat\Downloads\simulator-windows-64\IMG\right_2024_02_20_18_55_53_410.jpg, 0, 1, 0, 30.19033
C:\Users\Shreyas Rawat\Downloads\simulator-windows-64\IMG\center_2024_02_20_18_55_53_517.jpg, C:\Users\Shreyas Rawat\Downloads\simulator-windows-64\IMG\left_2024_02_20_18_55_53_517.jpg, C:\Users\Shreyas Rawat\Downloads\simulator-windows-64\IMG\right_2024_02_20_18_55_53_517.jpg, 0, 1, 0, 30.19027
C:\Users\Shreyas Rawat\Downloads\simulator-windows-64\IMG\center_2024_02_20_18_55_53_631.jpg, C:\Users\Shreyas Rawat\Downloads\simulator-windows-64\IMG\left_2024_02_20_18_55_53_631.jpg, C:\Users\Shreyas Rawat\Downloads\simulator-windows-64\IMG\right_2024_02_20_18_55_53_631.jpg, 0, 1, 0, 30.19031
C:\Users\Shreyas Rawat\Downloads\simulator-windows-64\IMG\center_2024_02_20_18_55_53_738.jpg, C:\Users\Shreyas Rawat\Downloads\simulator-windows-64\IMG\left_2024_02_20_18_55_53_738.jpg, C:\Users\Shreyas Rawat\Downloads\simulator-windows-64\IMG\right_2024_02_20_18_55_53_738.jpg, 0, 1, 0, 30.1903
C:\Users\Shreyas Rawat\Downloads\simulator-windows-64\IMG\center_2024_02_20_18_55_53_839.jpg, C:\Users\Shreyas Rawat\Downloads\simulator-windows-64\IMG\left_2024_02_20_18_55_53_839.jpg, C:\Users\Shreyas Rawat\Downloads\simulator-windows-64\IMG\right_2024_02_20_18_55_53_839.jpg, 0, 1, 0, 30.19027
C:\Users\Shreyas Rawat\Downloads\simulator-windows-64\IMG\center_2024_02_20_18_55_53_939.jpg, C:\Users\Shreyas Rawat\Downloads\simulator-windows-64\IMG\left_2024_02_20_18_55_53_939.jpg, C:\Users\Shreyas Rawat\Downloads\simulator-windows-64\IMG\right_2024_02_20_18_55_53_939.jpg, 0, 1, 0, 30.19023
C:\Users\Shreyas Rawat\Downloads\simulator-windows-64\IMG\center_2024_02_20_18_55_54_052.jpg, C:\Users\Shreyas Rawat\Downloads\simulator-windows-64\IMG\left_2024_02_20_18_55_54_052.jpg, C:\Users\Shreyas Rawat\Downloads\simulator-windows-64\IMG\right_2024_02_20_18_55_54_052.jpg, 0, 1, 0, 30.19031
C:\Users\Shreyas Rawat\Downloads\simulator-windows-64\IMG\center_2024_02_20_18_55_54_160.jpg, C:\Users\Shreyas Rawat\Downloads\simulator-windows-64\IMG\left_2024_02_20_18_55_54_160.jpg, C:\Users\Shreyas Rawat\Downloads\simulator-windows-64\IMG\right_2024_02_20_18_55_54_160.jpg, 0, 1, 0, 30.1902
C:\Users\Shreyas Rawat\Downloads\simulator-windows-64\IMG\center_2024_02_20_18_55_54_272.jpg, C:\Users\Shreyas Rawat\Downloads\simulator-windows-64\IMG\left_2024_02_20_18_55_54_272.jpg, C:\Users\Shreyas Rawat\Downloads\simulator-windows-64\IMG\right_2024_02_20_18_55_54_272.jpg, 0, 1, 0, 30.19032
C:\Users\Shreyas Rawat\Downloads\simulator-windows-64\IMG\center_2024_02_20_18_55_54_379.jpg, C:\Users\Shreyas Rawat\Downloads\simulator-windows-64\IMG\left_2024_02_20_18_55_54_379.jpg, C:\Users\Shreyas Rawat\Downloads\simulator-windows-64\IMG\right_2024_02_20_18_55_54_379.jpg, 0, 1, 0, 30.1903
C:\Users\Shreyas Rawat\Downloads\simulator-windows-64\IMG\center_2024_02_20_18_55_54_486.jpg, C:\Users\Shreyas Rawat\Downloads\simulator-windows-64\IMG\left_2024_02_20_18_55_54_486.jpg, C:\Users\Shreyas Rawat\Downloads\simulator-windows-64\IMG\right_2024_02_20_18_55_54_486.jpg, 0, 1, 0, 30.1903
C:\Users\Shreyas Rawat\Downloads\simulator-windows-64\IMG\center_2024_02_20_18_55_54_587.jpg, C:\Users\Shreyas Rawat\Downloads\simulator-windows-64\IMG\left_2024_02_20_18_55_54_587.jpg, C:\Users\Shreyas Rawat\Downloads\simulator-windows-64\IMG\right_2024_02_20_18_55_54_587.jpg, 0, 1, 0, 30.19034
C:\Users\Shreyas Rawat\Downloads\simulator-windows-64\IMG\center_2024_02_20_18_55_54_697.jpg, C:\Users\Shreyas Rawat\Downloads\simulator-windows-64\IMG\left_2024_02_20_18_55_54_697.jpg, C:\Users\Shreyas Rawat\Downloads\simulator-windows-64\IMG\right_2024_02_20_18_55_54_697.jpg, 0, 1, 0, 30.19032
C:\Users\Shreyas Rawat\Downloads\simulator-windows-64\IMG\center_2024_02_20_18_55_54_803.jpg, C:\Users\Shreyas Rawat\Downloads\simulator-windows-64\IMG\left_2024_02_20_18_55_54_803.jpg, C:\Users\Shreyas Rawat\Downloads\simulator-windows-64\IMG\right_2024_02_20_18_55_54_803.jpg, 0, 1, 0, 30.19031
C:\Users\Shreyas Rawat\Downloads\simulator-windows-64\IMG\center_2024_02_20_18_55_54_914.jpg, C:\Users\Shreyas Rawat\Downloads\simulator-windows-64\IMG\left_2024_02_20_18_55_54_914.jpg, C:\Users\Shreyas Rawat\Downloads\simulator-windows-64\IMG\right_2024_02_20_18_55_54_914.jpg, 0, 1, 0, 30.19027
C:\Users\Shreyas Rawat\Downloads\simulator-windows-64\IMG\center_2024_02_20_18_55_55_018.jpg, C:\Users\Shreyas Rawat\Downloads\simulator-windows-64\IMG\left_2024_02_20_18_55_55_018.jpg, C:\Users\Shreyas Rawat\Downloads\simulator-windows-64\IMG\right_2024_02_20_18_55_55_018.jpg, 0, 1, 0, 30.19029
C:\Users\Shreyas Rawat\Downloads\simulator-windows-64\IMG\center_2024_02_20_18_55_55_124.jpg, C:\Users\Shreyas Rawat\Downloads\simulator-windows-64\IMG\left_2024_02_20_18_55_55_124.jpg, C:\Users\Shreyas Rawat\Downloads\simulator-windows-64\IMG\right_2024_02_20_18_55_55_124.jpg, 0, 1, 0, 30.1903
C:\Users\Shreyas Rawat\Downloads\simulator-windows-64\IMG\center_2024_02_20_18_55_55_229.jpg, C:\Users\Shreyas Rawat\Downloads\simulator-windows-64\IMG\left_2024_02_20_18_55_55_229.jpg, C:\Users\Shreyas Rawat\Downloads\simulator-windows-64\IMG\right_2024_02_20_18_55_55_229.jpg, 0, 1, 0, 30.19029
C:\Users\Shreyas Rawat\Downloads\simulator-windows-64\IMG\center_2024_02_20_18_55_55_341.jpg, C:\Users\Shreyas Rawat\Downloads\simulator-windows-64\IMG\left_2024_02_20_18_55_55_341.jpg, C:\Users\Shreyas Rawat\Downloads\simulator-windows-64\IMG\right_2024_02_20_18_55_55_341.jpg, 0, 1, 0, 30.19031
C:\Users\Shreyas Rawat\Downloads\simulator-windows-64\IMG\center_2024_02_20_18_55_55_447.jpg, C:\Users\Shreyas Rawat\Downloads\simulator-windows-64\IMG\left_2024_02_20_18_55_55_447.jpg, C:\Users\Shreyas Rawat\Downloads\simulator-windows-64\IMG\right_2024_02_20_18_55_55_447.jpg, 0, 1, 0, 30.19032
C:\Users\Shreyas Rawat\Downloads\simulator-windows-64\IMG\center_2024_02_20_18_55_55_551.jpg, C:\Users\Shreyas Rawat\Downloads\simulator-windows-64\IMG\left_2024_02_20_18_55_55_551.jpg, C:\Users\Shreyas Rawat\Downloads\simulator-windows-64\IMG\right_2024_02_20_18_55_55_551.jpg, 0, 1, 0, 30.19029
C:\Users\Shreyas Rawat\Downloads\simulator-windows-64\IMG\center_2024_02_20_18_55_55_653.jpg, C:\Users\Shreyas Rawat\Downloads\simulator-windows-64\IMG\left_2024_02_20_18_55_55_653.jpg, C:\Users\Shreyas Rawat\Downloads\simulator-windows-64\IMG\right_2024_02_20_18_55_55_653.jpg, 0, 1, 0, 30.19028
C:\Users\Shreyas Rawat\Downloads\simulator-windows-64\IMG\center_2024_02_20_18_55_55_753.jpg, C:\Users\Shreyas Rawat\Downloads\simulator-windows-64\IMG\left_2024_02_20_18_55_55_753.jpg, C:\Users\Shreyas Rawat\Downloads\simulator-windows-64\IMG\right_2024_02_20_18_55_55_753.jpg, 0, 1, 0, 30.19031
C:\Users\Shreyas Rawat\Downloads\simulator-windows-64\IMG\center_2024_02_20_18_55_55_856.jpg, C:\Users\Shreyas Rawat\Downloads\simulator-windows-64\IMG\left_2024_02_20_18_55_55_856.jpg, C:\Users\Shreyas Rawat\Downloads\simulator-windows-64\IMG\right_2024_02_20_18_55_55_856.jpg, 0, 1, 0, 30.19026
C:\Users\Shreyas Rawat\Downloads\simulator-windows-64\IMG\center_2024_02_20_18_55_55_957.jpg, C:\Users\Shreyas Rawat\Downloads\simulator-windows-64\IMG\left_2024_02_20_18_55_55_957.jpg, C:\Users\Shreyas Rawat\Downloads\simulator-windows-64\IMG\right_2024_02_20_18_55_55_957.jpg, 0, 1, 0, 30.19031
C:\Users\Shreyas Rawat\Downloads\simulator-windows-64\IMG\center_2024_02_20_18_55_56_059.jpg, C:\Users\Shreyas Rawat\Downloads\simulator-windows-64\IMG\left_2024_02_20_18_55_56_059.jpg, C:\Users\Shreyas Rawat\Downloads\simulator-windows-64\IMG\right_2024_02_20_18_55_56_059.jpg, 0, 1, 0, 30.1903
C:\Users\Shreyas Rawat\Downloads\simulator-windows-64\IMG\center_2024_02_20_18_55_56_165.jpg, C:\Users\Shreyas Rawat\Downloads\simulator-windows-64\IMG\left_2024_02_20_18_55_56_165.jpg, C:\Users\Shreyas Rawat\Downloads\simulator-windows-64\IMG\right_2024_02_20_18_55_56_165.jpg, 0, 1, 0, 30.19028
C:\Users\Shreyas Rawat\Downloads\simulator-windows-64\IMG\center_2024_02_20_18_55_56_270.jpg, C:\Users\Shreyas Rawat\Downloads\simulator-windows-64\IMG\left_2024_02_20_18_55_56_270.jpg, C:\Users\Shreyas Rawat\Downloads\simulator-windows-64\IMG\right_2024_02_20_18_55_56_270.jpg, 0, 1, 0, 30.19031
C:\Users\Shreyas Rawat\Downloads\simulator-windows-64\IMG\center_2024_02_20_18_55_56_371.jpg, C:\Users\Shreyas Rawat\Downloads\simulator-windows-64\IMG\left_2024_02_20_18_55_56_371.jpg, C:\Users\Shreyas Rawat\Downloads\simulator-windows-64\IMG\right_2024_02_20_18_55_56_371.jpg, -0.0372264, 1, 0, 30.19
C:\Users\Shreyas Rawat\Downloads\simulator-windows-64\IMG\center_2024_02_20_18_55_56_472.jpg, C:\Users\Shreyas Rawat\Downloads\simulator-windows-64\IMG\left_2024_02_20_18_55_56_472.jpg, C:\Users\Shreyas Rawat\Downloads\simulator-windows-64\IMG\right_2024_02_20_18_55_56_472.jpg, -0.1962585, 1, 0, 30.18142
C:\Users\Shreyas Rawat\Downloads\simulator-windows-64\IMG\center_2024_02_20_18_55_56_587.jpg, C:\Users\Shreyas Rawat\Downloads\simulator-windows-64\IMG\left_2024_02_20_18_55_56_587.jpg, C:\Users\Shreyas Rawat\Downloads\simulator-windows-64\IMG\right_2024_02_20_18_55_56_587.jpg, 0, 1, 0, 30.18984
C:\Users\Shreyas Rawat\Downloads\simulator-windows-64\IMG\center_2024_02_20_18_55_56_697.jpg, C:\Users\Shreyas Rawat\Downloads\simulator-windows-64\IMG\left_2024_02_20_18_55_56_697.jpg, C:\Users\Shreyas Rawat\Downloads\simulator-windows-64\IMG\right_2024_02_20_18_55_56_697.jpg, 0, 1, 0, 30.19025
C:\Users\Shreyas Rawat\Downloads\simulator-windows-64\IMG\center_2024_02_20_18_55_56_806.jpg, C:\Users\Shreyas Rawat\Downloads\simulator-windows-64\IMG\left_2024_02_20_18_55_56_806.jpg, C:\Users\Shreyas Rawat\Downloads\simulator-windows-64\IMG\right_2024_02_20_18_55_56_806.jpg, -0.1593795, 1, 0, 30.1843
C:\Users\Shreyas Rawat\Downloads\simulator-windows-64\IMG\center_2024_02_20_18_55_56_912.jpg, C:\Users\Shreyas Rawat\Downloads\simulator-windows-64\IMG\left_2024_02_20_18_55_56_912.jpg, C:\Users\Shreyas Rawat\Downloads\simulator-windows-64\IMG\right_2024_02_20_18_55_56_912.jpg, -0.1105749, 1, 0, 30.19061
C:\Users\Shreyas Rawat\Downloads\simulator-windows-64\IMG\center_2024_02_20_18_55_57_023.jpg, C:\Users\Shreyas Rawat\Downloads\simulator-windows-64\IMG\left_2024_02_20_18_55_57_023.jpg, C:\Users\Shreyas Rawat\Downloads\simulator-windows-64\IMG\right_2024_02_20_18_55_57_023.jpg, 0, 1, 0, 30.19003
C:\Users\Shreyas Rawat\Downloads\simulator-windows-64\IMG\center_2024_02_20_18_55_57_130.jpg, C:\Users\Shreyas Rawat\Downloads\simulator-windows-64\IMG\left_2024_02_20_18_55_57_130.jpg, C:\Users\Shreyas Rawat\Downloads\simulator-windows-64\IMG\right_2024_02_20_18_55_57_130.jpg, 0, 1, 0, 30.19028
C:\Users\Shreyas Rawat\Downloads\simulator-windows-64\IMG\center_2024_02_20_18_55_57_240.jpg, C:\Users\Shreyas Rawat\Downloads\simulator-windows-64\IMG\left_2024_02_20_18_55_57_240.jpg, C:\Users\Shreyas Rawat\Downloads\simulator-windows-64\IMG\right_2024_02_20_18_55_57_240.jpg, 0, 1, 0, 30.19027
C:\Users\Shreyas Rawat\Downloads\simulator-windows-64\IMG\center_2024_02_20_18_55_57_353.jpg, C:\Users\Shreyas Rawat\Downloads\simulator-windows-64\IMG\left_2024_02_20_18_55_57_353.jpg, C:\Users\Shreyas Rawat\Downloads\simulator-windows-64\IMG\right_2024_02_20_18_55_57_353.jpg, 0, 1, 0, 30.1903
C:\Users\Shreyas Rawat\Downloads\simulator-windows-64\IMG\center_2024_02_20_18_55_57_459.jpg, C:\Users\Shreyas Rawat\Downloads\simulator-windows-64\IMG\left_2024_02_20_18_55_57_459.jpg, C:\Users\Shreyas Rawat\Downloads\simulator-windows-64\IMG\right_2024_02_20_18_55_57_459.jpg, 0, 1, 0, 30.19026
C:\Users\Shreyas Rawat\Downloads\simulator-windows-64\IMG\center_2024_02_20_18_55_57_564.jpg, C:\Users\Shreyas Rawat\Downloads\simulator-windows-64\IMG\left_2024_02_20_18_55_57_564.jpg, C:\Users\Shreyas Rawat\Downloads\simulator-windows-64\IMG\right_2024_02_20_18_55_57_564.jpg, -0.1502469, 1, 0, 30.18436
C:\Users\Shreyas Rawat\Downloads\simulator-windows-64\IMG\center_2024_02_20_18_55_57_664.jpg, C:\Users\Shreyas Rawat\Downloads\simulator-windows-64\IMG\left_2024_02_20_18_55_57_664.jpg, C:\Users\Shreyas Rawat\Downloads\simulator-windows-64\IMG\right_2024_02_20_18_55_57_664.jpg, 0, 1, 0, 30.19029
C:\Users\Shreyas Rawat\Downloads\simulator-windows-64\IMG\center_2024_02_20_18_55_57_774.jpg, C:\Users\Shreyas Rawat\Downloads\simulator-windows-64\IMG\left_2024_02_20_18_55_57_774.jpg, C:\Users\Shreyas Rawat\Downloads\simulator-windows-64\IMG\right_2024_02_20_18_55_57_774.jpg, 0, 1, 0, 30.19016
C:\Users\Shreyas Rawat\Downloads\simulator-windows-64\IMG\center_2024_02_20_18_55_57_885.jpg, C:\Users\Shreyas Rawat\Downloads\simulator-windows-64\IMG\left_2024_02_20_18_55_57_885.jpg, C:\Users\Shreyas Rawat\Downloads\simulator-windows-64\IMG\right_2024_02_20_18_55_57_885.jpg, 0, 1, 0, 30.19027
C:\Users\Shreyas Rawat\Downloads\simulator-windows-64\IMG\center_2024_02_20_18_55_57_998.jpg, C:\Users\Shreyas Rawat\Downloads\simulator-windows-64\IMG\left_2024_02_20_18_55_57_998.jpg, C:\Users\Shreyas Rawat\Downloads\simulator-windows-64\IMG\right_2024_02_20_18_55_57_998.jpg, 0, 1, 0, 30.19028
C:\Users\Shreyas Rawat\Downloads\simulator-windows-64\IMG\center_2024_02_20_18_55_58_098.jpg, C:\Users\Shreyas Rawat\Downloads\simulator-windows-64\IMG\left_2024_02_20_18_55_58_098.jpg, C:\Users\Shreyas Rawat\Downloads\simulator-windows-64\IMG\right_2024_02_20_18_55_58_098.jpg, 0, 1, 0, 30.19028
C:\Users\Shreyas Rawat\Downloads\simulator-windows-64\IMG\center_2024_02_20_18_55_58_207.jpg, C:\Users\Shreyas Rawat\Downloads\simulator-windows-64\IMG\left_2024_02_20_18_55_58_207.jpg, C:\Users\Shreyas Rawat\Downloads\simulator-windows-64\IMG\right_2024_02_20_18_55_58_207.jpg, 0, 1, 0, 30.19028
C:\Users\Shreyas Rawat\Downloads\simulator-windows-64\IMG\center_2024_02_20_18_55_58_312.jpg, C:\Users\Shreyas Rawat\Downloads\simulator-windows-64\IMG\left_2024_02_20_18_55_58_312.jpg, C:\Users\Shreyas Rawat\Downloads\simulator-windows-64\IMG\right_2024_02_20_18_55_58_312.jpg, -0.1427142, 1, 0, 30.18409
C:\Users\Shreyas Rawat\Downloads\simulator-windows-64\IMG\center_2024_02_20_18_55_58_419.jpg, C:\Users\Shreyas Rawat\Downloads\simulator-windows-64\IMG\left_2024_02_20_18_55_58_419.jpg, C:\Users\Shreyas Rawat\Downloads\simulator-windows-64\IMG\right_2024_02_20_18_55_58_419.jpg, 0, 1, 0, 30.19014
C:\Users\Shreyas Rawat\Downloads\simulator-windows-64\IMG\center_2024_02_20_18_55_58_522.jpg, C:\Users\Shreyas Rawat\Downloads\simulator-windows-64\IMG\left_2024_02_20_18_55_58_522.jpg, C:\Users\Shreyas Rawat\Downloads\simulator-windows-64\IMG\right_2024_02_20_18_55_58_522.jpg, 0, 1, 0, 30.19029
C:\Users\Shreyas Rawat\Downloads\simulator-windows-64\IMG\center_2024_02_20_18_55_58_623.jpg, C:\Users\Shreyas Rawat\Downloads\simulator-windows-64\IMG\left_2024_02_20_18_55_58_623.jpg, C:\Users\Shreyas Rawat\Downloads\simulator-windows-64\IMG\right_2024_02_20_18_55_58_623.jpg, 0, 1, 0, 30.19027
C:\Users\Shreyas Rawat\Downloads\simulator-windows-64\IMG\center_2024_02_20_18_55_58_733.jpg, C:\Users\Shreyas Rawat\Downloads\simulator-windows-64\IMG\left_2024_02_20_18_55_58_733.jpg, C:\Users\Shreyas Rawat\Downloads\simulator-windows-64\IMG\right_2024_02_20_18_55_58_733.jpg, -0.1117353, 1, 0, 30.18728
C:\Users\Shreyas Rawat\Downloads\simulator-windows-64\IMG\center_2024_02_20_18_55_58_840.jpg, C:\Users\Shreyas Rawat\Downloads\simulator-windows-64\IMG\left_2024_02_20_18_55_58_840.jpg, C:\Users\Shreyas Rawat\Downloads\simulator-windows-64\IMG\right_2024_02_20_18_55_58_840.jpg, -0.0597027, 1, 0, 30.19085
C:\Users\Shreyas Rawat\Downloads\simulator-windows-64\IMG\center_2024_02_20_18_55_58_942.jpg, C:\Users\Shreyas Rawat\Downloads\simulator-windows-64\IMG\left_2024_02_20_18_55_58_942.jpg, C:\Users\Shreyas Rawat\Downloads\simulator-windows-64\IMG\right_2024_02_20_18_55_58_942.jpg, 0, 1, 0, 30.19047
C:\Users\Shreyas Rawat\Downloads\simulator-windows-64\IMG\center_2024_02_20_18_55_59_048.jpg, C:\Users\Shreyas Rawat\Downloads\simulator-windows-64\IMG\left_2024_02_20_18_55_59_048.jpg, C:\Users\Shreyas Rawat\Downloads\simulator-windows-64\IMG\right_2024_02_20_18_55_59_048.jpg, 0, 1, 0, 30.19028
C:\Users\Shreyas Rawat\Downloads\simulator-windows-64\IMG\center_2024_02_20_18_55_59_152.jpg, C:\Users\Shreyas Rawat\Downloads\simulator-windows-64\IMG\left_2024_02_20_18_55_59_152.jpg, C:\Users\Shreyas Rawat\Downloads\simulator-windows-64\IMG\right_2024_02_20_18_55_59_152.jpg, -0.0691218, 1, 0, 30.18935
C:\Users\Shreyas Rawat\Downloads\simulator-windows-64\IMG\center_2024_02_20_18_55_59_256.jpg, C:\Users\Shreyas Rawat\Downloads\simulator-windows-64\IMG\left_2024_02_20_18_55_59_256.jpg, C:\Users\Shreyas Rawat\Downloads\simulator-windows-64\IMG\right_2024_02_20_18_55_59_256.jpg, -0.008442003, 1, 0, 30.19008
C:\Users\Shreyas Rawat\Downloads\simulator-windows-64\IMG\center_2024_02_20_18_55_59_356.jpg, C:\Users\Shreyas Rawat\Downloads\simulator-windows-64\IMG\left_2024_02_20_18_55_59_356.jpg, C:\Users\Shreyas Rawat\Downloads\simulator-windows-64\IMG\right_2024_02_20_18_55_59_356.jpg, 0, 1, 0, 30.19018
C:\Users\Shreyas Rawat\Downloads\simulator-windows-64\IMG\center_2024_02_20_18_55_59_464.jpg, C:\Users\Shreyas Rawat\Downloads\simulator-windows-64\IMG\left_2024_02_20_18_55_59_464.jpg, C:\Users\Shreyas Rawat\Downloads\simulator-windows-64\IMG\right_2024_02_20_18_55_59_464.jpg, 0, 1, 0, 30.19027
C:\Users\Shreyas Rawat\Downloads\simulator-windows-64\IMG\center_2024_02_20_18_55_59_566.jpg, C:\Users\Shreyas Rawat\Downloads\simulator-windows-64\IMG\left_2024_02_20_18_55_59_566.jpg, C:\Users\Shreyas Rawat\Downloads\simulator-windows-64\IMG\right_2024_02_20_18_55_59_566.jpg, 0, 1, 0, 30.19032
C:\Users\Shreyas Rawat\Downloads\simulator-windows-64\IMG\center_2024_02_20_18_55_59_675.jpg, C:\Users\Shreyas Rawat\Downloads\simulator-windows-64\IMG\left_2024_02_20_18_55_59_675.jpg, C:\Users\Shreyas Rawat\Downloads\simulator-windows-64\IMG\right_2024_02_20_18_55_59_675.jpg, -0.1167906, 1, 0, 30.1896
C:\Users\Shreyas Rawat\Downloads\simulator-windows-64\IMG\center_2024_02_20_18_55_59_780.jpg, C:\Users\Shreyas Rawat\Downloads\simulator-windows-64\IMG\left_2024_02_20_18_55_59_780.jpg, C:\Users\Shreyas Rawat\Downloads\simulator-windows-64\IMG\right_2024_02_20_18_55_59_780.jpg, 0, 1, 0, 30.19005
C:\Users\Shreyas Rawat\Downloads\simulator-windows-64\IMG\center_2024_02_20_18_55_59_889.jpg, C:\Users\Shreyas Rawat\Downloads\simulator-windows-64\IMG\left_2024_02_20_18_55_59_889.jpg, C:\Users\Shreyas Rawat\Downloads\simulator-windows-64\IMG\right_2024_02_20_18_55_59_889.jpg, 0, 1, 0, 30.1903
C:\Users\Shreyas Rawat\Downloads\simulator-windows-64\IMG\center_2024_02_20_18_55_59_997.jpg, C:\Users\Shreyas Rawat\Downloads\simulator-windows-64\IMG\left_2024_02_20_18_55_59_997.jpg, C:\Users\Shreyas Rawat\Downloads\simulator-windows-64\IMG\right_2024_02_20_18_55_59_997.jpg, 0, 1, 0, 30.19032
C:\Users\Shreyas Rawat\Downloads\simulator-windows-64\IMG\center_2024_02_20_18_56_00_105.jpg, C:\Users\Shreyas Rawat\Downloads\simulator-windows-64\IMG\left_2024_02_20_18_56_00_105.jpg, C:\Users\Shreyas Rawat\Downloads\simulator-windows-64\IMG\right_2024_02_20_18_56_00_105.jpg, 0, 1, 0, 30.19027
C:\Users\Shreyas Rawat\Downloads\simulator-windows-64\IMG\center_2024_02_20_18_56_00_212.jpg, C:\Users\Shreyas Rawat\Downloads\simulator-windows-64\IMG\left_2024_02_20_18_56_00_212.jpg, C:\Users\Shreyas Rawat\Downloads\simulator-windows-64\IMG\right_2024_02_20_18_56_00_212.jpg, 0, 1, 0, 30.19032
C:\Users\Shreyas Rawat\Downloads\simulator-windows-64\IMG\center_2024_02_20_18_56_00_313.jpg, C:\Users\Shreyas Rawat\Downloads\simulator-windows-64\IMG\left_2024_02_20_18_56_00_313.jpg, C:\Users\Shreyas Rawat\Downloads\simulator-windows-64\IMG\right_2024_02_20_18_56_00_313.jpg, 0, 1, 0, 30.19028
C:\Users\Shreyas Rawat\Downloads\simulator-windows-64\IMG\center_2024_02_20_18_56_00_416.jpg, C:\Users\Shreyas Rawat\Downloads\simulator-windows-64\IMG\left_2024_02_20_18_56_00_416.jpg, C:\Users\Shreyas Rawat\Downloads\simulator-windows-64\IMG\right_2024_02_20_18_56_00_416.jpg, 0, 1, 0, 30.19024
C:\Users\Shreyas Rawat\Downloads\simulator-windows-64\IMG\center_2024_02_20_18_56_00_519.jpg, C:\Users\Shreyas Rawat\Downloads\simulator-windows-64\IMG\left_2024_02_20_18_56_00_519.jpg, C:\Users\Shreyas Rawat\Downloads\simulator-windows-64\IMG\right_2024_02_20_18_56_00_519.jpg, 0, 1, 0, 30.19028
C:\Users\Shreyas Rawat\Downloads\simulator-windows-64\IMG\center_2024_02_20_18_56_00_623.jpg, C:\Users\Shreyas Rawat\Downloads\simulator-windows-64\IMG\left_2024_02_20_18_56_00_623.jpg, C:\Users\Shreyas Rawat\Downloads\simulator-windows-64\IMG\right_2024_02_20_18_56_00_623.jpg, -0.1872486, 1, 0, 30.18068
C:\Users\Shreyas Rawat\Downloads\simulator-windows-64\IMG\center_2024_02_20_18_56_00_731.jpg, C:\Users\Shreyas Rawat\Downloads\simulator-windows-64\IMG\left_2024_02_20_18_56_00_731.jpg, C:\Users\Shreyas Rawat\Downloads\simulator-windows-64\IMG\right_2024_02_20_18_56_00_731.jpg, 0, 1, 0, 30.1897
C:\Users\Shreyas Rawat\Downloads\simulator-windows-64\IMG\center_2024_02_20_18_56_00_837.jpg, C:\Users\Shreyas Rawat\Downloads\simulator-windows-64\IMG\left_2024_02_20_18_56_00_837.jpg, C:\Users\Shreyas Rawat\Downloads\simulator-windows-64\IMG\right_2024_02_20_18_56_00_837.jpg, 0, 1, 0, 30.19028
C:\Users\Shreyas Rawat\Downloads\simulator-windows-64\IMG\center_2024_02_20_18_56_00_940.jpg, C:\Users\Shreyas Rawat\Downloads\simulator-windows-64\IMG\left_2024_02_20_18_56_00_940.jpg, C:\Users\Shreyas Rawat\Downloads\simulator-windows-64\IMG\right_2024_02_20_18_56_00_940.jpg, 0, 1, 0, 30.19029
C:\Users\Shreyas Rawat\Downloads\simulator-windows-64\IMG\center_2024_02_20_18_56_01_041.jpg, C:\Users\Shreyas Rawat\Downloads\simulator-windows-64\IMG\left_2024_02_20_18_56_01_041.jpg, C:\Users\Shreyas Rawat\Downloads\simulator-windows-64\IMG\right_2024_02_20_18_56_01_041.jpg, 0, 1, 0, 30.19032
C:\Users\Shreyas Rawat\Downloads\simulator-windows-64\IMG\center_2024_02_20_18_56_01_150.jpg, C:\Users\Shreyas Rawat\Downloads\simulator-windows-64\IMG\left_2024_02_20_18_56_01_150.jpg, C:\Users\Shreyas Rawat\Downloads\simulator-windows-64\IMG\right_2024_02_20_18_56_01_150.jpg, -0.2958798, 1, 0, 30.16866
C:\Users\Shreyas Rawat\Downloads\simulator-windows-64\IMG\center_2024_02_20_18_56_01_252.jpg, C:\Users\Shreyas Rawat\Downloads\simulator-windows-64\IMG\left_2024_02_20_18_56_01_252.jpg, C:\Users\Shreyas Rawat\Downloads\simulator-windows-64\IMG\right_2024_02_20_18_56_01_252.jpg, 0, 1, 0, 30.1894
C:\Users\Shreyas Rawat\Downloads\simulator-windows-64\IMG\center_2024_02_20_18_56_01_359.jpg, C:\Users\Shreyas Rawat\Downloads\simulator-windows-64\IMG\left_2024_02_20_18_56_01_359.jpg, C:\Users\Shreyas Rawat\Downloads\simulator-windows-64\IMG\right_2024_02_20_18_56_01_359.jpg, 0, 1, 0, 30.19016
C:\Users\Shreyas Rawat\Downloads\simulator-windows-64\IMG\center_2024_02_20_18_56_01_460.jpg, C:\Users\Shreyas Rawat\Downloads\simulator-windows-64\IMG\left_2024_02_20_18_56_01_460.jpg, C:\Users\Shreyas Rawat\Downloads\simulator-windows-64\IMG\right_2024_02_20_18_56_01_460.jpg, 0, 1, 0, 30.19025
C:\Users\Shreyas Rawat\Downloads\simulator-windows-64\IMG\center_2024_02_20_18_56_01_561.jpg, C:\Users\Shreyas Rawat\Downloads\simulator-windows-64\IMG\left_2024_02_20_18_56_01_561.jpg, C:\Users\Shreyas Rawat\Downloads\simulator-windows-64\IMG\right_2024_02_20_18_56_01_561.jpg, 0, 1, 0, 30.19032
C:\Users\Shreyas Rawat\Downloads\simulator-windows-64\IMG\center_2024_02_20_18_56_01_662.jpg, C:\Users\Shreyas Rawat\Downloads\simulator-windows-64\IMG\left_2024_02_20_18_56_01_662.jpg, C:\Users\Shreyas Rawat\Downloads\simulator-windows-64\IMG\right_2024_02_20_18_56_01_662.jpg, -0.2294169, 1, 0, 30.17649
C:\Users\Shreyas Rawat\Downloads\simulator-windows-64\IMG\center_2024_02_20_18_56_01_768.jpg, C:\Users\Shreyas Rawat\Downloads\simulator-windows-64\IMG\left_2024_02_20_18_56_01_768.jpg, C:\Users\Shreyas Rawat\Downloads\simulator-windows-64\IMG\right_2024_02_20_18_56_01_768.jpg, 0, 1, 0, 30.18957
C:\Users\Shreyas Rawat\Downloads\simulator-windows-64\IMG\center_2024_02_20_18_56_01_877.jpg, C:\Users\Shreyas Rawat\Downloads\simulator-windows-64\IMG\left_2024_02_20_18_56_01_877.jpg, C:\Users\Shreyas Rawat\Downloads\simulator-windows-64\IMG\right_2024_02_20_18_56_01_877.jpg, 0, 1, 0, 30.1902
C:\Users\Shreyas Rawat\Downloads\simulator-windows-64\IMG\center_2024_02_20_18_56_01_982.jpg, C:\Users\Shreyas Rawat\Downloads\simulator-windows-64\IMG\left_2024_02_20_18_56_01_982.jpg, C:\Users\Shreyas Rawat\Downloads\simulator-windows-64\IMG\right_2024_02_20_18_56_01_982.jpg, 0, 1, 0, 30.19023
C:\Users\Shreyas Rawat\Downloads\simulator-windows-64\IMG\center_2024_02_20_18_56_02_088.jpg, C:\Users\Shreyas Rawat\Downloads\simulator-windows-64\IMG\left_2024_02_20_18_56_02_088.jpg, C:\Users\Shreyas Rawat\Downloads\simulator-windows-64\IMG\right_2024_02_20_18_56_02_088.jpg, -0.2898417, 1, 0, 30.17037
C:\Users\Shreyas Rawat\Downloads\simulator-windows-64\IMG\center_2024_02_20_18_56_02_199.jpg, C:\Users\Shreyas Rawat\Downloads\simulator-windows-64\IMG\left_2024_02_20_18_56_02_199.jpg, C:\Users\Shreyas Rawat\Downloads\simulator-windows-64\IMG\right_2024_02_20_18_56_02_199.jpg, 0, 1, 0, 30.18875
C:\Users\Shreyas Rawat\Downloads\simulator-windows-64\IMG\center_2024_02_20_18_56_02_305.jpg, C:\Users\Shreyas Rawat\Downloads\simulator-windows-64\IMG\left_2024_02_20_18_56_02_305.jpg, C:\Users\Shreyas Rawat\Downloads\simulator-windows-64\IMG\right_2024_02_20_18_56_02_305.jpg, 0, 1, 0, 30.19052
C:\Users\Shreyas Rawat\Downloads\simulator-windows-64\IMG\center_2024_02_20_18_56_02_408.jpg, C:\Users\Shreyas Rawat\Downloads\simulator-windows-64\IMG\left_2024_02_20_18_56_02_408.jpg, C:\Users\Shreyas Rawat\Downloads\simulator-windows-64\IMG\right_2024_02_20_18_56_02_408.jpg, 0, 1, 0, 30.19026
C:\Users\Shreyas Rawat\Downloads\simulator-windows-64\IMG\center_2024_02_20_18_56_02_514.jpg, C:\Users\Shreyas Rawat\Downloads\simulator-windows-64\IMG\left_2024_02_20_18_56_02_514.jpg, C:\Users\Shreyas Rawat\Downloads\simulator-windows-64\IMG\right_2024_02_20_18_56_02_514.jpg, 0, 1, 0, 30.19025
C:\Users\Shreyas Rawat\Downloads\simulator-windows-64\IMG\center_2024_02_20_18_56_02_620.jpg, C:\Users\Shreyas Rawat\Downloads\simulator-windows-64\IMG\left_2024_02_20_18_56_02_620.jpg, C:\Users\Shreyas Rawat\Downloads\simulator-windows-64\IMG\right_2024_02_20_18_56_02_620.jpg, 0, 1, 0, 30.19027
C:\Users\Shreyas Rawat\Downloads\simulator-windows-64\IMG\center_2024_02_20_18_56_02_722.jpg, C:\Users\Shreyas Rawat\Downloads\simulator-windows-64\IMG\left_2024_02_20_18_56_02_722.jpg, C:\Users\Shreyas Rawat\Downloads\simulator-windows-64\IMG\right_2024_02_20_18_56_02_722.jpg, -0.306309, 1, 0, 30.16679
C:\Users\Shreyas Rawat\Downloads\simulator-windows-64\IMG\center_2024_02_20_18_56_02_822.jpg, C:\Users\Shreyas Rawat\Downloads\simulator-windows-64\IMG\left_2024_02_20_18_56_02_822.jpg, C:\Users\Shreyas Rawat\Downloads\simulator-windows-64\IMG\right_2024_02_20_18_56_02_822.jpg, -0.005802881, 1, 0, 30.18972
C:\Users\Shreyas Rawat\Downloads\simulator-windows-64\IMG\center_2024_02_20_18_56_02_923.jpg, C:\Users\Shreyas Rawat\Downloads\simulator-windows-64\IMG\left_2024_02_20_18_56_02_923.jpg, C:\Users\Shreyas Rawat\Downloads\simulator-windows-64\IMG\right_2024_02_20_18_56_02_923.jpg, 0, 1, 0, 30.18981
C:\Users\Shreyas Rawat\Downloads\simulator-windows-64\IMG\center_2024_02_20_18_56_03_031.jpg, C:\Users\Shreyas Rawat\Downloads\simulator-windows-64\IMG\left_2024_02_20_18_56_03_031.jpg, C:\Users\Shreyas Rawat\Downloads\simulator-windows-64\IMG\right_2024_02_20_18_56_03_031.jpg, 0, 1, 0, 30.19039
C:\Users\Shreyas Rawat\Downloads\simulator-windows-64\IMG\center_2024_02_20_18_56_03_132.jpg, C:\Users\Shreyas Rawat\Downloads\simulator-windows-64\IMG\left_2024_02_20_18_56_03_132.jpg, C:\Users\Shreyas Rawat\Downloads\simulator-windows-64\IMG\right_2024_02_20_18_56_03_132.jpg, 0, 1, 0, 30.19028
C:\Users\Shreyas Rawat\Downloads\simulator-windows-64\IMG\center_2024_02_20_18_56_03_235.jpg, C:\Users\Shreyas Rawat\Downloads\simulator-windows-64\IMG\left_2024_02_20_18_56_03_235.jpg, C:\Users\Shreyas Rawat\Downloads\simulator-windows-64\IMG\right_2024_02_20_18_56_03_235.jpg, 0, 1, 0, 30.19061
C:\Users\Shreyas Rawat\Downloads\simulator-windows-64\IMG\center_2024_02_20_18_56_03_341.jpg, C:\Users\Shreyas Rawat\Downloads\simulator-windows-64\IMG\left_2024_02_20_18_56_03_341.jpg, C:\Users\Shreyas Rawat\Downloads\simulator-windows-64\IMG\right_2024_02_20_18_56_03_341.jpg, -0.2604699, 1, 0, 30.1734
C:\Users\Shreyas Rawat\Downloads\simulator-windows-64\IMG\center_2024_02_20_18_56_03_446.jpg, C:\Users\Shreyas Rawat\Downloads\simulator-windows-64\IMG\left_2024_02_20_18_56_03_446.jpg, C:\Users\Shreyas Rawat\Downloads\simulator-windows-64\IMG\right_2024_02_20_18_56_03_446.jpg, 0, 1, 0, 30.1895
C:\Users\Shreyas Rawat\Downloads\simulator-windows-64\IMG\center_2024_02_20_18_56_03_548.jpg, C:\Users\Shreyas Rawat\Downloads\simulator-windows-64\IMG\left_2024_02_20_18_56_03_548.jpg, C:\Users\Shreyas Rawat\Downloads\simulator-windows-64\IMG\right_2024_02_20_18_56_03_548.jpg, 0, 1, 0, 30.19011
C:\Users\Shreyas Rawat\Downloads\simulator-windows-64\IMG\center_2024_02_20_18_56_03_656.jpg, C:\Users\Shreyas Rawat\Downloads\simulator-windows-64\IMG\left_2024_02_20_18_56_03_656.jpg, C:\Users\Shreyas Rawat\Downloads\simulator-windows-64\IMG\right_2024_02_20_18_56_03_656.jpg, 0, 1, 0, 30.19021
C:\Users\Shreyas Rawat\Downloads\simulator-windows-64\IMG\center_2024_02_20_18_56_03_763.jpg, C:\Users\Shreyas Rawat\Downloads\simulator-windows-64\IMG\left_2024_02_20_18_56_03_763.jpg, C:\Users\Shreyas Rawat\Downloads\simulator-windows-64\IMG\right_2024_02_20_18_56_03_763.jpg, 0, 1, 0, 30.19003
C:\Users\Shreyas Rawat\Downloads\simulator-windows-64\IMG\center_2024_02_20_18_56_03_870.jpg, C:\Users\Shreyas Rawat\Downloads\simulator-windows-64\IMG\left_2024_02_20_18_56_03_870.jpg, C:\Users\Shreyas Rawat\Downloads\simulator-windows-64\IMG\right_2024_02_20_18_56_03_870.jpg, -0.1725039, 1, 0, 30.18251
C:\Users\Shreyas Rawat\Downloads\simulator-windows-64\IMG\center_2024_02_20_18_56_03_975.jpg, C:\Users\Shreyas Rawat\Downloads\simulator-windows-64\IMG\left_2024_02_20_18_56_03_975.jpg, C:\Users\Shreyas Rawat\Downloads\simulator-windows-64\IMG\right_2024_02_20_18_56_03_975.jpg, -0.2617281, 1, 0, 30.18254
C:\Users\Shreyas Rawat\Downloads\simulator-windows-64\IMG\center_2024_02_20_18_56_04_079.jpg, C:\Users\Shreyas Rawat\Downloads\simulator-windows-64\IMG\left_2024_02_20_18_56_04_079.jpg, C:\Users\Shreyas Rawat\Downloads\simulator-windows-64\IMG\right_2024_02_20_18_56_04_079.jpg, 0, 1, 0, 30.18796
C:\Users\Shreyas Rawat\Downloads\simulator-windows-64\IMG\center_2024_02_20_18_56_04_186.jpg, C:\Users\Shreyas Rawat\Downloads\simulator-windows-64\IMG\left_2024_02_20_18_56_04_186.jpg, C:\Users\Shreyas Rawat\Downloads\simulator-windows-64\IMG\right_2024_02_20_18_56_04_186.jpg, 0, 1, 0, 30.19005
C:\Users\Shreyas Rawat\Downloads\simulator-windows-64\IMG\center_2024_02_20_18_56_04_290.jpg, C:\Users\Shreyas Rawat\Downloads\simulator-windows-64\IMG\left_2024_02_20_18_56_04_290.jpg, C:\Users\Shreyas Rawat\Downloads\simulator-windows-64\IMG\right_2024_02_20_18_56_04_290.jpg, 0, 1, 0, 30.19024
C:\Users\Shreyas Rawat\Downloads\simulator-windows-64\IMG\center_2024_02_20_18_56_04_393.jpg, C:\Users\Shreyas Rawat\Downloads\simulator-windows-64\IMG\left_2024_02_20_18_56_04_393.jpg, C:\Users\Shreyas Rawat\Downloads\simulator-windows-64\IMG\right_2024_02_20_18_56_04_393.jpg, -0.0811734, 1, 0, 30.18886
C:\Users\Shreyas Rawat\Downloads\simulator-windows-64\IMG\center_2024_02_20_18_56_04_496.jpg, C:\Users\Shreyas Rawat\Downloads\simulator-windows-64\IMG\left_2024_02_20_18_56_04_496.jpg, C:\Users\Shreyas Rawat\Downloads\simulator-windows-64\IMG\right_2024_02_20_18_56_04_496.jpg, -0.104874, 1, 0, 30.19023
C:\Users\Shreyas Rawat\Downloads\simulator-windows-64\IMG\center_2024_02_20_18_56_04_604.jpg, C:\Users\Shreyas Rawat\Downloads\simulator-windows-64\IMG\left_2024_02_20_18_56_04_604.jpg, C:\Users\Shreyas Rawat\Downloads\simulator-windows-64\IMG\right_2024_02_20_18_56_04_604.jpg, 0, 1, 0, 30.19014
C:\Users\Shreyas Rawat\Downloads\simulator-windows-64\IMG\center_2024_02_20_18_56_04_709.jpg, C:\Users\Shreyas Rawat\Downloads\simulator-windows-64\IMG\left_2024_02_20_18_56_04_709.jpg, C:\Users\Shreyas Rawat\Downloads\simulator-windows-64\IMG\right_2024_02_20_18_56_04_709.jpg, 0, 1, 0, 30.1904
C:\Users\Shreyas Rawat\Downloads\simulator-windows-64\IMG\center_2024_02_20_18_56_04_812.jpg, C:\Users\Shreyas Rawat\Downloads\simulator-windows-64\IMG\left_2024_02_20_18_56_04_812.jpg, C:\Users\Shreyas Rawat\Downloads\simulator-windows-64\IMG\right_2024_02_20_18_56_04_812.jpg, -0.1615218, 1, 0, 30.18511
C:\Users\Shreyas Rawat\Downloads\simulator-windows-64\IMG\center_2024_02_20_18_56_04_916.jpg, C:\Users\Shreyas Rawat\Downloads\simulator-windows-64\IMG\left_2024_02_20_18_56_04_916.jpg, C:\Users\Shreyas Rawat\Downloads\simulator-windows-64\IMG\right_2024_02_20_18_56_04_916.jpg, -0.2046969, 1, 0, 30.18821
C:\Users\Shreyas Rawat\Downloads\simulator-windows-64\IMG\center_2024_02_20_18_56_05_020.jpg, C:\Users\Shreyas Rawat\Downloads\simulator-windows-64\IMG\left_2024_02_20_18_56_05_020.jpg, C:\Users\Shreyas Rawat\Downloads\simulator-windows-64\IMG\right_2024_02_20_18_56_05_020.jpg, 0, 1, 0, 30.18897
C:\Users\Shreyas Rawat\Downloads\simulator-windows-64\IMG\center_2024_02_20_18_56_05_127.jpg, C:\Users\Shreyas Rawat\Downloads\simulator-windows-64\IMG\left_2024_02_20_18_56_05_127.jpg, C:\Users\Shreyas Rawat\Downloads\simulator-windows-64\IMG\right_2024_02_20_18_56_05_127.jpg, 0, 1, 0, 30.19002
C:\Users\Shreyas Rawat\Downloads\simulator-windows-64\IMG\center_2024_02_20_18_56_05_228.jpg, C:\Users\Shreyas Rawat\Downloads\simulator-windows-64\IMG\left_2024_02_20_18_56_05_228.jpg, C:\Users\Shreyas Rawat\Downloads\simulator-windows-64\IMG\right_2024_02_20_18_56_05_228.jpg, -0.0264378, 1, 0, 30.19008
C:\Users\Shreyas Rawat\Downloads\simulator-windows-64\IMG\center_2024_02_20_18_56_05_333.jpg, C:\Users\Shreyas Rawat\Downloads\simulator-windows-64\IMG\left_2024_02_20_18_56_05_333.jpg, C:\Users\Shreyas Rawat\Downloads\simulator-windows-64\IMG\right_2024_02_20_18_56_05_333.jpg, -0.3204051, 1, 0, 30.16742
C:\Users\Shreyas Rawat\Downloads\simulator-windows-64\IMG\center_2024_02_20_18_56_05_433.jpg, C:\Users\Shreyas Rawat\Downloads\simulator-windows-64\IMG\left_2024_02_20_18_56_05_433.jpg, C:\Users\Shreyas Rawat\Downloads\simulator-windows-64\IMG\right_2024_02_20_18_56_05_433.jpg, -0.3994686, 1, 0, 30.17316
C:\Users\Shreyas Rawat\Downloads\simulator-windows-64\IMG\center_2024_02_20_18_56_05_542.jpg, C:\Users\Shreyas Rawat\Downloads\simulator-windows-64\IMG\left_2024_02_20_18_56_05_542.jpg, C:\Users\Shreyas Rawat\Downloads\simulator-windows-64\IMG\right_2024_02_20_18_56_05_542.jpg, -0.02477397, 1, 0, 30.18979
C:\Users\Shreyas Rawat\Downloads\simulator-windows-64\IMG\center_2024_02_20_18_56_05_648.jpg, C:\Users\Shreyas Rawat\Downloads\simulator-windows-64\IMG\left_2024_02_20_18_56_05_648.jpg, C:\Users\Shreyas Rawat\Downloads\simulator-windows-64\IMG\right_2024_02_20_18_56_05_648.jpg, 0, 1, 0, 30.18946
C:\Users\Shreyas Rawat\Downloads\simulator-windows-64\IMG\center_2024_02_20_18_56_05_749.jpg, C:\Users\Shreyas Rawat\Downloads\simulator-windows-64\IMG\left_2024_02_20_18_56_05_749.jpg, C:\Users\Shreyas Rawat\Downloads\simulator-windows-64\IMG\right_2024_02_20_18_56_05_749.jpg, 0, 1, 0, 30.18997
C:\Users\Shreyas Rawat\Downloads\simulator-windows-64\IMG\center_2024_02_20_18_56_05_852.jpg, C:\Users\Shreyas Rawat\Downloads\simulator-windows-64\IMG\left_2024_02_20_18_56_05_852.jpg, C:\Users\Shreyas Rawat\Downloads\simulator-windows-64\IMG\right_2024_02_20_18_56_05_852.jpg, 0, 1, 0, 30.19002
C:\Users\Shreyas Rawat\Downloads\simulator-windows-64\IMG\center_2024_02_20_18_56_05_953.jpg, C:\Users\Shreyas Rawat\Downloads\simulator-windows-64\IMG\left_2024_02_20_18_56_05_953.jpg, C:\Users\Shreyas Rawat\Downloads\simulator-windows-64\IMG\right_2024_02_20_18_56_05_953.jpg, 0, 1, 0, 30.18998
C:\Users\Shreyas Rawat\Downloads\simulator-windows-64\IMG\center_2024_02_20_18_56_06_057.jpg, C:\Users\Shreyas Rawat\Downloads\simulator-windows-64\IMG\left_2024_02_20_18_56_06_057.jpg, C:\Users\Shreyas Rawat\Downloads\simulator-windows-64\IMG\right_2024_02_20_18_56_06_057.jpg, 0, 1, 0, 30.1906
C:\Users\Shreyas Rawat\Downloads\simulator-windows-64\IMG\center_2024_02_20_18_56_06_160.jpg, C:\Users\Shreyas Rawat\Downloads\simulator-windows-64\IMG\left_2024_02_20_18_56_06_160.jpg, C:\Users\Shreyas Rawat\Downloads\simulator-windows-64\IMG\right_2024_02_20_18_56_06_160.jpg, 0, 1, 0, 30.19033
C:\Users\Shreyas Rawat\Downloads\simulator-windows-64\IMG\center_2024_02_20_18_56_06_262.jpg, C:\Users\Shreyas Rawat\Downloads\simulator-windows-64\IMG\left_2024_02_20_18_56_06_262.jpg, C:\Users\Shreyas Rawat\Downloads\simulator-windows-64\IMG\right_2024_02_20_18_56_06_262.jpg, -0.2518731, 1, 0, 30.17365
C:\Users\Shreyas Rawat\Downloads\simulator-windows-64\IMG\center_2024_02_20_18_56_06_370.jpg, C:\Users\Shreyas Rawat\Downloads\simulator-windows-64\IMG\left_2024_02_20_18_56_06_370.jpg, C:\Users\Shreyas Rawat\Downloads\simulator-windows-64\IMG\right_2024_02_20_18_56_06_370.jpg, -0.08338383, 1, 0, 30.19139
C:\Users\Shreyas Rawat\Downloads\simulator-windows-64\IMG\center_2024_02_20_18_56_06_470.jpg, C:\Users\Shreyas Rawat\Downloads\simulator-windows-64\IMG\left_2024_02_20_18_56_06_470.jpg, C:\Users\Shreyas Rawat\Downloads\simulator-windows-64\IMG\right_2024_02_20_18_56_06_470.jpg, 0, 1, 0, 30.18989
C:\Users\Shreyas Rawat\Downloads\simulator-windows-64\IMG\center_2024_02_20_18_56_06_573.jpg, C:\Users\Shreyas Rawat\Downloads\simulator-windows-64\IMG\left_2024_02_20_18_56_06_573.jpg, C:\Users\Shreyas Rawat\Downloads\simulator-windows-64\IMG\right_2024_02_20_18_56_06_573.jpg, 0, 1, 0, 30.1902
C:\Users\Shreyas Rawat\Downloads\simulator-windows-64\IMG\center_2024_02_20_18_56_06_676.jpg, C:\Users\Shreyas Rawat\Downloads\simulator-windows-64\IMG\left_2024_02_20_18_56_06_676.jpg, C:\Users\Shreyas Rawat\Downloads\simulator-windows-64\IMG\right_2024_02_20_18_56_06_676.jpg, -0.0886566, 1, 0, 30.18979
C:\Users\Shreyas Rawat\Downloads\simulator-windows-64\IMG\center_2024_02_20_18_56_06_781.jpg, C:\Users\Shreyas Rawat\Downloads\simulator-windows-64\IMG\left_2024_02_20_18_56_06_781.jpg, C:\Users\Shreyas Rawat\Downloads\simulator-windows-64\IMG\right_2024_02_20_18_56_06_781.jpg, -0.4020861, 1, 0, 30.15521
C:\Users\Shreyas Rawat\Downloads\simulator-windows-64\IMG\center_2024_02_20_18_56_06_888.jpg, C:\Users\Shreyas Rawat\Downloads\simulator-windows-64\IMG\left_2024_02_20_18_56_06_888.jpg, C:\Users\Shreyas Rawat\Downloads\simulator-windows-64\IMG\right_2024_02_20_18_56_06_888.jpg, -0.2257953, 1, 0, 30.19047
C:\Users\Shreyas Rawat\Downloads\simulator-windows-64\IMG\center_2024_02_20_18_56_06_990.jpg, C:\Users\Shreyas Rawat\Downloads\simulator-windows-64\IMG\left_2024_02_20_18_56_06_990.jpg, C:\Users\Shreyas Rawat\Downloads\simulator-windows-64\IMG\right_2024_02_20_18_56_06_990.jpg, 0, 1, 0, 30.18743
C:\Users\Shreyas Rawat\Downloads\simulator-windows-64\IMG\center_2024_02_20_18_56_07_094.jpg, C:\Users\Shreyas Rawat\Downloads\simulator-windows-64\IMG\left_2024_02_20_18_56_07_094.jpg, C:\Users\Shreyas Rawat\Downloads\simulator-windows-64\IMG\right_2024_02_20_18_56_07_094.jpg, -0.027243, 1, 0, 30.19025
C:\Users\Shreyas Rawat\Downloads\simulator-windows-64\IMG\center_2024_02_20_18_56_07_199.jpg, C:\Users\Shreyas Rawat\Downloads\simulator-windows-64\IMG\left_2024_02_20_18_56_07_199.jpg, C:\Users\Shreyas Rawat\Downloads\simulator-windows-64\IMG\right_2024_02_20_18_56_07_199.jpg, 0, 1, 0, 30.18976
C:\Users\Shreyas Rawat\Downloads\simulator-windows-64\IMG\center_2024_02_20_18_56_07_303.jpg, C:\Users\Shreyas Rawat\Downloads\simulator-windows-64\IMG\left_2024_02_20_18_56_07_303.jpg, C:\Users\Shreyas Rawat\Downloads\simulator-windows-64\IMG\right_2024_02_20_18_56_07_303.jpg, 0, 1, 0, 30.18829
C:\Users\Shreyas Rawat\Downloads\simulator-windows-64\IMG\center_2024_02_20_18_56_07_403.jpg, C:\Users\Shreyas Rawat\Downloads\simulator-windows-64\IMG\left_2024_02_20_18_56_07_403.jpg, C:\Users\Shreyas Rawat\Downloads\simulator-windows-64\IMG\right_2024_02_20_18_56_07_403.jpg, 0, 1, 0, 30.19066
C:\Users\Shreyas Rawat\Downloads\simulator-windows-64\IMG\center_2024_02_20_18_56_07_508.jpg, C:\Users\Shreyas Rawat\Downloads\simulator-windows-64\IMG\left_2024_02_20_18_56_07_508.jpg, C:\Users\Shreyas Rawat\Downloads\simulator-windows-64\IMG\right_2024_02_20_18_56_07_508.jpg, -0.065289, 1, 0, 30.18919
C:\Users\Shreyas Rawat\Downloads\simulator-windows-64\IMG\center_2024_02_20_18_56_07_613.jpg, C:\Users\Shreyas Rawat\Downloads\simulator-windows-64\IMG\left_2024_02_20_18_56_07_613.jpg, C:\Users\Shreyas Rawat\Downloads\simulator-windows-64\IMG\right_2024_02_20_18_56_07_613.jpg, -0.2288346, 1, 0, 30.17781
C:\Users\Shreyas Rawat\Downloads\simulator-windows-64\IMG\center_2024_02_20_18_56_07_717.jpg, C:\Users\Shreyas Rawat\Downloads\simulator-windows-64\IMG\left_2024_02_20_18_56_07_717.jpg, C:\Users\Shreyas Rawat\Downloads\simulator-windows-64\IMG\right_2024_02_20_18_56_07_717.jpg, 0, 1, 0, 30.18986
C:\Users\Shreyas Rawat\Downloads\simulator-windows-64\IMG\center_2024_02_20_18_56_07_818.jpg, C:\Users\Shreyas Rawat\Downloads\simulator-windows-64\IMG\left_2024_02_20_18_56_07_818.jpg, C:\Users\Shreyas Rawat\Downloads\simulator-windows-64\IMG\right_2024_02_20_18_56_07_818.jpg, 0, 1, 0, 30.19057
C:\Users\Shreyas Rawat\Downloads\simulator-windows-64\IMG\center_2024_02_20_18_56_07_920.jpg, C:\Users\Shreyas Rawat\Downloads\simulator-windows-64\IMG\left_2024_02_20_18_56_07_920.jpg, C:\Users\Shreyas Rawat\Downloads\simulator-windows-64\IMG\right_2024_02_20_18_56_07_920.jpg, 0, 1, 0, 30.19013
C:\Users\Shreyas Rawat\Downloads\simulator-windows-64\IMG\center_2024_02_20_18_56_08_022.jpg, C:\Users\Shreyas Rawat\Downloads\simulator-windows-64\IMG\left_2024_02_20_18_56_08_022.jpg, C:\Users\Shreyas Rawat\Downloads\simulator-windows-64\IMG\right_2024_02_20_18_56_08_022.jpg, -0.1379214, 1, 0, 30.18535
C:\Users\Shreyas Rawat\Downloads\simulator-windows-64\IMG\center_2024_02_20_18_56_08_128.jpg, C:\Users\Shreyas Rawat\Downloads\simulator-windows-64\IMG\left_2024_02_20_18_56_08_128.jpg, C:\Users\Shreyas Rawat\Downloads\simulator-windows-64\IMG\right_2024_02_20_18_56_08_128.jpg, -0.2439183, 1, 0, 30.18163
C:\Users\Shreyas Rawat\Downloads\simulator-windows-64\IMG\center_2024_02_20_18_56_08_234.jpg, C:\Users\Shreyas Rawat\Downloads\simulator-windows-64\IMG\left_2024_02_20_18_56_08_234.jpg, C:\Users\Shreyas Rawat\Downloads\simulator-windows-64\IMG\right_2024_02_20_18_56_08_234.jpg, 0, 1, 0, 30.18878
C:\Users\Shreyas Rawat\Downloads\simulator-windows-64\IMG\center_2024_02_20_18_56_08_337.jpg, C:\Users\Shreyas Rawat\Downloads\simulator-windows-64\IMG\left_2024_02_20_18_56_08_337.jpg, C:\Users\Shreyas Rawat\Downloads\simulator-windows-64\IMG\right_2024_02_20_18_56_08_337.jpg, 0, 1, 0, 30.19018
C:\Users\Shreyas Rawat\Downloads\simulator-windows-64\IMG\center_2024_02_20_18_56_08_444.jpg, C:\Users\Shreyas Rawat\Downloads\simulator-windows-64\IMG\left_2024_02_20_18_56_08_444.jpg, C:\Users\Shreyas Rawat\Downloads\simulator-windows-64\IMG\right_2024_02_20_18_56_08_444.jpg, -0.2971368, 1, 0, 30.17132
C:\Users\Shreyas Rawat\Downloads\simulator-windows-64\IMG\center_2024_02_20_18_56_08_552.jpg, C:\Users\Shreyas Rawat\Downloads\simulator-windows-64\IMG\left_2024_02_20_18_56_08_552.jpg, C:\Users\Shreyas Rawat\Downloads\simulator-windows-64\IMG\right_2024_02_20_18_56_08_552.jpg, 0, 1, 0, 30.18946
C:\Users\Shreyas Rawat\Downloads\simulator-windows-64\IMG\center_2024_02_20_18_56_08_657.jpg, C:\Users\Shreyas Rawat\Downloads\simulator-windows-64\IMG\left_2024_02_20_18_56_08_657.jpg, C:\Users\Shreyas Rawat\Downloads\simulator-windows-64\IMG\right_2024_02_20_18_56_08_657.jpg, 0, 1, 0, 30.19018
C:\Users\Shreyas Rawat\Downloads\simulator-windows-64\IMG\center_2024_02_20_18_56_08_762.jpg, C:\Users\Shreyas Rawat\Downloads\simulator-windows-64\IMG\left_2024_02_20_18_56_08_762.jpg, C:\Users\Shreyas Rawat\Downloads\simulator-windows-64\IMG\right_2024_02_20_18_56_08_762.jpg, -0.3155457, 1, 0, 30.16787
C:\Users\Shreyas Rawat\Downloads\simulator-windows-64\IMG\center_2024_02_20_18_56_08_869.jpg, C:\Users\Shreyas Rawat\Downloads\simulator-windows-64\IMG\left_2024_02_20_18_56_08_869.jpg, C:\Users\Shreyas Rawat\Downloads\simulator-windows-64\IMG\right_2024_02_20_18_56_08_869.jpg, -0.127629, 1, 0, 30.19182
C:\Users\Shreyas Rawat\Downloads\simulator-windows-64\IMG\center_2024_02_20_18_56_08_969.jpg, C:\Users\Shreyas Rawat\Downloads\simulator-windows-64\IMG\left_2024_02_20_18_56_08_969.jpg, C:\Users\Shreyas Rawat\Downloads\simulator-windows-64\IMG\right_2024_02_20_18_56_08_969.jpg, -0.1629636, 1, 0, 30.18896
C:\Users\Shreyas Rawat\Downloads\simulator-windows-64\IMG\center_2024_02_20_18_56_09_073.jpg, C:\Users\Shreyas Rawat\Downloads\simulator-windows-64\IMG\left_2024_02_20_18_56_09_073.jpg, C:\Users\Shreyas Rawat\Downloads\simulator-windows-64\IMG\right_2024_02_20_18_56_09_073.jpg, -0.2539776, 1, 0, 30.18514
C:\Users\Shreyas Rawat\Downloads\simulator-windows-64\IMG\center_2024_02_20_18_56_09_181.jpg, C:\Users\Shreyas Rawat\Downloads\simulator-windows-64\IMG\left_2024_02_20_18_56_09_181.jpg, C:\Users\Shreyas Rawat\Downloads\simulator-windows-64\IMG\right_2024_02_20_18_56_09_181.jpg, 0, 1, 0, 30.18898
C:\Users\Shreyas Rawat\Downloads\simulator-windows-64\IMG\center_2024_02_20_18_56_09_283.jpg, C:\Users\Shreyas Rawat\Downloads\simulator-windows-64\IMG\left_2024_02_20_18_56_09_283.jpg, C:\Users\Shreyas Rawat\Downloads\simulator-windows-64\IMG\right_2024_02_20_18_56_09_283.jpg, 0, 1, 0, 30.19017
C:\Users\Shreyas Rawat\Downloads\simulator-windows-64\IMG\center_2024_02_20_18_56_09_388.jpg, C:\Users\Shreyas Rawat\Downloads\simulator-windows-64\IMG\left_2024_02_20_18_56_09_388.jpg, C:\Users\Shreyas Rawat\Downloads\simulator-windows-64\IMG\right_2024_02_20_18_56_09_388.jpg, 0, 1, 0, 30.19031
C:\Users\Shreyas Rawat\Downloads\simulator-windows-64\IMG\center_2024_02_20_18_56_09_489.jpg, C:\Users\Shreyas Rawat\Downloads\simulator-windows-64\IMG\left_2024_02_20_18_56_09_489.jpg, C:\Users\Shreyas Rawat\Downloads\simulator-windows-64\IMG\right_2024_02_20_18_56_09_489.jpg, -0.0774411, 1, 0, 30.18901
C:\Users\Shreyas Rawat\Downloads\simulator-windows-64\IMG\center_2024_02_20_18_56_09_593.jpg, C:\Users\Shreyas Rawat\Downloads\simulator-windows-64\IMG\left_2024_02_20_18_56_09_593.jpg, C:\Users\Shreyas Rawat\Downloads\simulator-windows-64\IMG\right_2024_02_20_18_56_09_593.jpg, -0.3633648, 1, 0, 30.16034
C:\Users\Shreyas Rawat\Downloads\simulator-windows-64\IMG\center_2024_02_20_18_56_09_697.jpg, C:\Users\Shreyas Rawat\Downloads\simulator-windows-64\IMG\left_2024_02_20_18_56_09_697.jpg, C:\Users\Shreyas Rawat\Downloads\simulator-windows-64\IMG\right_2024_02_20_18_56_09_697.jpg, -0.05200446, 1, 0, 30.19076
C:\Users\Shreyas Rawat\Downloads\simulator-windows-64\IMG\center_2024_02_20_18_56_09_804.jpg, C:\Users\Shreyas Rawat\Downloads\simulator-windows-64\IMG\left_2024_02_20_18_56_09_804.jpg, C:\Users\Shreyas Rawat\Downloads\simulator-windows-64\IMG\right_2024_02_20_18_56_09_804.jpg, 0, 1, 0, 30.1898
C:\Users\Shreyas Rawat\Downloads\simulator-windows-64\IMG\center_2024_02_20_18_56_09_907.jpg, C:\Users\Shreyas Rawat\Downloads\simulator-windows-64\IMG\left_2024_02_20_18_56_09_907.jpg, C:\Users\Shreyas Rawat\Downloads\simulator-windows-64\IMG\right_2024_02_20_18_56_09_907.jpg, 0, 1, 0, 30.19025
C:\Users\Shreyas Rawat\Downloads\simulator-windows-64\IMG\center_2024_02_20_18_56_10_007.jpg, C:\Users\Shreyas Rawat\Downloads\simulator-windows-64\IMG\left_2024_02_20_18_56_10_007.jpg, C:\Users\Shreyas Rawat\Downloads\simulator-windows-64\IMG\right_2024_02_20_18_56_10_007.jpg, 0, 1, 0, 30.19033
C:\Users\Shreyas Rawat\Downloads\simulator-windows-64\IMG\center_2024_02_20_18_56_10_113.jpg, C:\Users\Shreyas Rawat\Downloads\simulator-windows-64\IMG\left_2024_02_20_18_56_10_113.jpg, C:\Users\Shreyas Rawat\Downloads\simulator-windows-64\IMG\right_2024_02_20_18_56_10_113.jpg, 0, 1, 0, 30.19032
C:\Users\Shreyas Rawat\Downloads\simulator-windows-64\IMG\center_2024_02_20_18_56_10_221.jpg, C:\Users\Shreyas Rawat\Downloads\simulator-windows-64\IMG\left_2024_02_20_18_56_10_221.jpg, C:\Users\Shreyas Rawat\Downloads\simulator-windows-64\IMG\right_2024_02_20_18_56_10_221.jpg, 0, 1, 0, 30.19032
C:\Users\Shreyas Rawat\Downloads\simulator-windows-64\IMG\center_2024_02_20_18_56_10_322.jpg, C:\Users\Shreyas Rawat\Downloads\simulator-windows-64\IMG\left_2024_02_20_18_56_10_322.jpg, C:\Users\Shreyas Rawat\Downloads\simulator-windows-64\IMG\right_2024_02_20_18_56_10_322.jpg, -0.0806313, 1, 0, 30.18872
C:\Users\Shreyas Rawat\Downloads\simulator-windows-64\IMG\center_2024_02_20_18_56_10_424.jpg, C:\Users\Shreyas Rawat\Downloads\simulator-windows-64\IMG\left_2024_02_20_18_56_10_424.jpg, C:\Users\Shreyas Rawat\Downloads\simulator-windows-64\IMG\right_2024_02_20_18_56_10_424.jpg, -0.09717992, 1, 0, 30.18981
C:\Users\Shreyas Rawat\Downloads\simulator-windows-64\IMG\center_2024_02_20_18_56_10_529.jpg, C:\Users\Shreyas Rawat\Downloads\simulator-windows-64\IMG\left_2024_02_20_18_56_10_529.jpg, C:\Users\Shreyas Rawat\Downloads\simulator-windows-64\IMG\right_2024_02_20_18_56_10_529.jpg, 0, 1, 0, 30.19009
C:\Users\Shreyas Rawat\Downloads\simulator-windows-64\IMG\center_2024_02_20_18_56_10_638.jpg, C:\Users\Shreyas Rawat\Downloads\simulator-windows-64\IMG\left_2024_02_20_18_56_10_638.jpg, C:\Users\Shreyas Rawat\Downloads\simulator-windows-64\IMG\right_2024_02_20_18_56_10_638.jpg, 0, 1, 0, 30.19029
C:\Users\Shreyas Rawat\Downloads\simulator-windows-64\IMG\center_2024_02_20_18_56_10_745.jpg, C:\Users\Shreyas Rawat\Downloads\simulator-windows-64\IMG\left_2024_02_20_18_56_10_745.jpg, C:\Users\Shreyas Rawat\Downloads\simulator-windows-64\IMG\right_2024_02_20_18_56_10_745.jpg, 0, 1, 0, 30.1903
C:\Users\Shreyas Rawat\Downloads\simulator-windows-64\IMG\center_2024_02_20_18_56_10_848.jpg, C:\Users\Shreyas Rawat\Downloads\simulator-windows-64\IMG\left_2024_02_20_18_56_10_848.jpg, C:\Users\Shreyas Rawat\Downloads\simulator-windows-64\IMG\right_2024_02_20_18_56_10_848.jpg, 0, 1, 0, 30.19032
C:\Users\Shreyas Rawat\Downloads\simulator-windows-64\IMG\center_2024_02_20_18_56_10_953.jpg, C:\Users\Shreyas Rawat\Downloads\simulator-windows-64\IMG\left_2024_02_20_18_56_10_953.jpg, C:\Users\Shreyas Rawat\Downloads\simulator-windows-64\IMG\right_2024_02_20_18_56_10_953.jpg, -0.0299862, 1, 0, 30.19011
C:\Users\Shreyas Rawat\Downloads\simulator-windows-64\IMG\center_2024_02_20_18_56_11_061.jpg, C:\Users\Shreyas Rawat\Downloads\simulator-windows-64\IMG\left_2024_02_20_18_56_11_061.jpg, C:\Users\Shreyas Rawat\Downloads\simulator-windows-64\IMG\right_2024_02_20_18_56_11_061.jpg, -0.06913441, 1, 0, 30.19072
C:\Users\Shreyas Rawat\Downloads\simulator-windows-64\IMG\center_2024_02_20_18_56_11_162.jpg, C:\Users\Shreyas Rawat\Downloads\simulator-windows-64\IMG\left_2024_02_20_18_56_11_162.jpg, C:\Users\Shreyas Rawat\Downloads\simulator-windows-64\IMG\right_2024_02_20_18_56_11_162.jpg, 0, 1, 0, 30.1901
C:\Users\Shreyas Rawat\Downloads\simulator-windows-64\IMG\center_2024_02_20_18_56_11_269.jpg, C:\Users\Shreyas Rawat\Downloads\simulator-windows-64\IMG\left_2024_02_20_18_56_11_269.jpg, C:\Users\Shreyas Rawat\Downloads\simulator-windows-64\IMG\right_2024_02_20_18_56_11_269.jpg, 0, 1, 0, 30.19027
C:\Users\Shreyas Rawat\Downloads\simulator-windows-64\IMG\center_2024_02_20_18_56_11_371.jpg, C:\Users\Shreyas Rawat\Downloads\simulator-windows-64\IMG\left_2024_02_20_18_56_11_371.jpg, C:\Users\Shreyas Rawat\Downloads\simulator-windows-64\IMG\right_2024_02_20_18_56_11_371.jpg, 0, 1, 0, 30.19031
C:\Users\Shreyas Rawat\Downloads\simulator-windows-64\IMG\center_2024_02_20_18_56_11_477.jpg, C:\Users\Shreyas Rawat\Downloads\simulator-windows-64\IMG\left_2024_02_20_18_56_11_477.jpg, C:\Users\Shreyas Rawat\Downloads\simulator-windows-64\IMG\right_2024_02_20_18_56_11_477.jpg, 0, 1, 0, 30.19029
C:\Users\Shreyas Rawat\Downloads\simulator-windows-64\IMG\center_2024_02_20_18_56_11_586.jpg, C:\Users\Shreyas Rawat\Downloads\simulator-windows-64\IMG\left_2024_02_20_18_56_11_586.jpg, C:\Users\Shreyas Rawat\Downloads\simulator-windows-64\IMG\right_2024_02_20_18_56_11_586.jpg, -0.0282918, 1, 0, 30.19018
C:\Users\Shreyas Rawat\Downloads\simulator-windows-64\IMG\center_2024_02_20_18_56_11_690.jpg, C:\Users\Shreyas Rawat\Downloads\simulator-windows-64\IMG\left_2024_02_20_18_56_11_690.jpg, C:\Users\Shreyas Rawat\Downloads\simulator-windows-64\IMG\right_2024_02_20_18_56_11_690.jpg, -0.1404633, 1, 0, 30.18648
C:\Users\Shreyas Rawat\Downloads\simulator-windows-64\IMG\center_2024_02_20_18_56_11_797.jpg, C:\Users\Shreyas Rawat\Downloads\simulator-windows-64\IMG\left_2024_02_20_18_56_11_797.jpg, C:\Users\Shreyas Rawat\Downloads\simulator-windows-64\IMG\right_2024_02_20_18_56_11_797.jpg, 0, 1, 0, 30.19009
C:\Users\Shreyas Rawat\Downloads\simulator-windows-64\IMG\center_2024_02_20_18_56_11_902.jpg, C:\Users\Shreyas Rawat\Downloads\simulator-windows-64\IMG\left_2024_02_20_18_56_11_902.jpg, C:\Users\Shreyas Rawat\Downloads\simulator-windows-64\IMG\right_2024_02_20_18_56_11_902.jpg, 0, 1, 0, 30.19027
C:\Users\Shreyas Rawat\Downloads\simulator-windows-64\IMG\center_2024_02_20_18_56_12_003.jpg, C:\Users\Shreyas Rawat\Downloads\simulator-windows-64\IMG\left_2024_02_20_18_56_12_003.jpg, C:\Users\Shreyas Rawat\Downloads\simulator-windows-64\IMG\right_2024_02_20_18_56_12_003.jpg, 0, 1, 0, 30.1903
C:\Users\Shreyas Rawat\Downloads\simulator-windows-64\IMG\center_2024_02_20_18_56_12_103.jpg, C:\Users\Shreyas Rawat\Downloads\simulator-windows-64\IMG\left_2024_02_20_18_56_12_103.jpg, C:\Users\Shreyas Rawat\Downloads\simulator-windows-64\IMG\right_2024_02_20_18_56_12_103.jpg, 0, 1, 0, 30.1903
C:\Users\Shreyas Rawat\Downloads\simulator-windows-64\IMG\center_2024_02_20_18_56_12_207.jpg, C:\Users\Shreyas Rawat\Downloads\simulator-windows-64\IMG\left_2024_02_20_18_56_12_207.jpg, C:\Users\Shreyas Rawat\Downloads\simulator-windows-64\IMG\right_2024_02_20_18_56_12_207.jpg, -0.1223706, 1, 0, 30.18627
C:\Users\Shreyas Rawat\Downloads\simulator-windows-64\IMG\center_2024_02_20_18_56_12_311.jpg, C:\Users\Shreyas Rawat\Downloads\simulator-windows-64\IMG\left_2024_02_20_18_56_12_311.jpg, C:\Users\Shreyas Rawat\Downloads\simulator-windows-64\IMG\right_2024_02_20_18_56_12_311.jpg, -0.02043482, 1, 0, 30.19059
C:\Users\Shreyas Rawat\Downloads\simulator-windows-64\IMG\center_2024_02_20_18_56_12_415.jpg, C:\Users\Shreyas Rawat\Downloads\simulator-windows-64\IMG\left_2024_02_20_18_56_12_415.jpg, C:\Users\Shreyas Rawat\Downloads\simulator-windows-64\IMG\right_2024_02_20_18_56_12_415.jpg, 0, 1, 0, 30.19024
C:\Users\Shreyas Rawat\Downloads\simulator-windows-64\IMG\center_2024_02_20_18_56_12_518.jpg, C:\Users\Shreyas Rawat\Downloads\simulator-windows-64\IMG\left_2024_02_20_18_56_12_518.jpg, C:\Users\Shreyas Rawat\Downloads\simulator-windows-64\IMG\right_2024_02_20_18_56_12_518.jpg, 0, 1, 0, 30.1903
C:\Users\Shreyas Rawat\Downloads\simulator-windows-64\IMG\center_2024_02_20_18_56_12_620.jpg, C:\Users\Shreyas Rawat\Downloads\simulator-windows-64\IMG\left_2024_02_20_18_56_12_620.jpg, C:\Users\Shreyas Rawat\Downloads\simulator-windows-64\IMG\right_2024_02_20_18_56_12_620.jpg, 0, 1, 0, 30.19027
C:\Users\Shreyas Rawat\Downloads\simulator-windows-64\IMG\center_2024_02_20_18_56_12_721.jpg, C:\Users\Shreyas Rawat\Downloads\simulator-windows-64\IMG\left_2024_02_20_18_56_12_721.jpg, C:\Users\Shreyas Rawat\Downloads\simulator-windows-64\IMG\right_2024_02_20_18_56_12_721.jpg, 0, 1, 0, 30.19029
C:\Users\Shreyas Rawat\Downloads\simulator-windows-64\IMG\center_2024_02_20_18_56_12_825.jpg, C:\Users\Shreyas Rawat\Downloads\simulator-windows-64\IMG\left_2024_02_20_18_56_12_825.jpg, C:\Users\Shreyas Rawat\Downloads\simulator-windows-64\IMG\right_2024_02_20_18_56_12_825.jpg, -0.1246905, 1, 0, 30.18639
C:\Users\Shreyas Rawat\Downloads\simulator-windows-64\IMG\center_2024_02_20_18_56_12_935.jpg, C:\Users\Shreyas Rawat\Downloads\simulator-windows-64\IMG\left_2024_02_20_18_56_12_935.jpg, C:\Users\Shreyas Rawat\Downloads\simulator-windows-64\IMG\right_2024_02_20_18_56_12_935.jpg, 0, 1, 0, 30.19029
C:\Users\Shreyas Rawat\Downloads\simulator-windows-64\IMG\center_2024_02_20_18_56_13_042.jpg, C:\Users\Shreyas Rawat\Downloads\simulator-windows-64\IMG\left_2024_02_20_18_56_13_042.jpg, C:\Users\Shreyas Rawat\Downloads\simulator-windows-64\IMG\right_2024_02_20_18_56_13_042.jpg, 0, 1, 0, 30.19031
C:\Users\Shreyas Rawat\Downloads\simulator-windows-64\IMG\center_2024_02_20_18_56_13_146.jpg, C:\Users\Shreyas Rawat\Downloads\simulator-windows-64\IMG\left_2024_02_20_18_56_13_146.jpg, C:\Users\Shreyas Rawat\Downloads\simulator-windows-64\IMG\right_2024_02_20_18_56_13_146.jpg, 0, 1, 0, 30.19027
C:\Users\Shreyas Rawat\Downloads\simulator-windows-64\IMG\center_2024_02_20_18_56_13_249.jpg, C:\Users\Shreyas Rawat\Downloads\simulator-windows-64\IMG\left_2024_02_20_18_56_13_249.jpg, C:\Users\Shreyas Rawat\Downloads\simulator-windows-64\IMG\right_2024_02_20_18_56_13_249.jpg, -0.0242682, 1, 0, 30.19019
C:\Users\Shreyas Rawat\Downloads\simulator-windows-64\IMG\center_2024_02_20_18_56_13_357.jpg, C:\Users\Shreyas Rawat\Downloads\simulator-windows-64\IMG\left_2024_02_20_18_56_13_357.jpg, C:\Users\Shreyas Rawat\Downloads\simulator-windows-64\IMG\right_2024_02_20_18_56_13_357.jpg, -0.173229, 1, 0, 30.18573
C:\Users\Shreyas Rawat\Downloads\simulator-windows-64\IMG\center_2024_02_20_18_56_13_465.jpg, C:\Users\Shreyas Rawat\Downloads\simulator-windows-64\IMG\left_2024_02_20_18_56_13_465.jpg, C:\Users\Shreyas Rawat\Downloads\simulator-windows-64\IMG\right_2024_02_20_18_56_13_465.jpg, 0, 1, 0, 30.18979
C:\Users\Shreyas Rawat\Downloads\simulator-windows-64\IMG\center_2024_02_20_18_56_13_569.jpg, C:\Users\Shreyas Rawat\Downloads\simulator-windows-64\IMG\left_2024_02_20_18_56_13_569.jpg, C:\Users\Shreyas Rawat\Downloads\simulator-windows-64\IMG\right_2024_02_20_18_56_13_569.jpg, 0, 1, 0, 30.19023
C:\Users\Shreyas Rawat\Downloads\simulator-windows-64\IMG\center_2024_02_20_18_56_13_672.jpg, C:\Users\Shreyas Rawat\Downloads\simulator-windows-64\IMG\left_2024_02_20_18_56_13_672.jpg, C:\Users\Shreyas Rawat\Downloads\simulator-windows-64\IMG\right_2024_02_20_18_56_13_672.jpg, 0, 1, 0, 30.19027
C:\Users\Shreyas Rawat\Downloads\simulator-windows-64\IMG\center_2024_02_20_18_56_13_779.jpg, C:\Users\Shreyas Rawat\Downloads\simulator-windows-64\IMG\left_2024_02_20_18_56_13_779.jpg, C:\Users\Shreyas Rawat\Downloads\simulator-windows-64\IMG\right_2024_02_20_18_56_13_779.jpg, 0, 1, 0, 30.19029
C:\Users\Shreyas Rawat\Downloads\simulator-windows-64\IMG\center_2024_02_20_18_56_13_883.jpg, C:\Users\Shreyas Rawat\Downloads\simulator-windows-64\IMG\left_2024_02_20_18_56_13_883.jpg, C:\Users\Shreyas Rawat\Downloads\simulator-windows-64\IMG\right_2024_02_20_18_56_13_883.jpg, 0, 1, 0, 30.19032
C:\Users\Shreyas Rawat\Downloads\simulator-windows-64\IMG\center_2024_02_20_18_56_13_987.jpg, C:\Users\Shreyas Rawat\Downloads\simulator-windows-64\IMG\left_2024_02_20_18_56_13_987.jpg, C:\Users\Shreyas Rawat\Downloads\simulator-windows-64\IMG\right_2024_02_20_18_56_13_987.jpg, 0, 1, 0, 30.19031
C:\Users\Shreyas Rawat\Downloads\simulator-windows-64\IMG\center_2024_02_20_18_56_14_090.jpg, C:\Users\Shreyas Rawat\Downloads\simulator-windows-64\IMG\left_2024_02_20_18_56_14_090.jpg, C:\Users\Shreyas Rawat\Downloads\simulator-windows-64\IMG\right_2024_02_20_18_56_14_090.jpg, -0.1446012, 1, 0, 30.1846
C:\Users\Shreyas Rawat\Downloads\simulator-windows-64\IMG\center_2024_02_20_18_56_14_197.jpg, C:\Users\Shreyas Rawat\Downloads\simulator-windows-64\IMG\left_2024_02_20_18_56_14_197.jpg, C:\Users\Shreyas Rawat\Downloads\simulator-windows-64\IMG\right_2024_02_20_18_56_14_197.jpg, 0, 1, 0, 30.19024
C:\Users\Shreyas Rawat\Downloads\simulator-windows-64\IMG\center_2024_02_20_18_56_14_300.jpg, C:\Users\Shreyas Rawat\Downloads\simulator-windows-64\IMG\left_2024_02_20_18_56_14_300.jpg, C:\Users\Shreyas Rawat\Downloads\simulator-windows-64\IMG\right_2024_02_20_18_56_14_300.jpg, 0, 1, 0, 30.19031
C:\Users\Shreyas Rawat\Downloads\simulator-windows-64\IMG\center_2024_02_20_18_56_14_406.jpg, C:\Users\Shreyas Rawat\Downloads\simulator-windows-64\IMG\left_2024_02_20_18_56_14_406.jpg, C:\Users\Shreyas Rawat\Downloads\simulator-windows-64\IMG\right_2024_02_20_18_56_14_406.jpg, 0, 1, 0, 30.19031
C:\Users\Shreyas Rawat\Downloads\simulator-windows-64\IMG\center_2024_02_20_18_56_14_507.jpg, C:\Users\Shreyas Rawat\Downloads\simulator-windows-64\IMG\left_2024_02_20_18_56_14_507.jpg, C:\Users\Shreyas Rawat\Downloads\simulator-windows-64\IMG\right_2024_02_20_18_56_14_507.jpg, 0, 1, 0, 30.1903
C:\Users\Shreyas Rawat\Downloads\simulator-windows-64\IMG\center_2024_02_20_18_56_14_613.jpg, C:\Users\Shreyas Rawat\Downloads\simulator-windows-64\IMG\left_2024_02_20_18_56_14_613.jpg, C:\Users\Shreyas Rawat\Downloads\simulator-windows-64\IMG\right_2024_02_20_18_56_14_613.jpg, -0.1798386, 1, 0, 30.18122
C:\Users\Shreyas Rawat\Downloads\simulator-windows-64\IMG\center_2024_02_20_18_56_14_719.jpg, C:\Users\Shreyas Rawat\Downloads\simulator-windows-64\IMG\left_2024_02_20_18_56_14_719.jpg, C:\Users\Shreyas Rawat\Downloads\simulator-windows-64\IMG\right_2024_02_20_18_56_14_719.jpg, 0, 1, 0, 30.18974
C:\Users\Shreyas Rawat\Downloads\simulator-windows-64\IMG\center_2024_02_20_18_56_14_826.jpg, C:\Users\Shreyas Rawat\Downloads\simulator-windows-64\IMG\left_2024_02_20_18_56_14_826.jpg, C:\Users\Shreyas Rawat\Downloads\simulator-windows-64\IMG\right_2024_02_20_18_56_14_826.jpg, 0, 1, 0, 30.19023
C:\Users\Shreyas Rawat\Downloads\simulator-windows-64\IMG\center_2024_02_20_18_56_14_933.jpg, C:\Users\Shreyas Rawat\Downloads\simulator-windows-64\IMG\left_2024_02_20_18_56_14_933.jpg, C:\Users\Shreyas Rawat\Downloads\simulator-windows-64\IMG\right_2024_02_20_18_56_14_933.jpg, 0, 1, 0, 30.19021
C:\Users\Shreyas Rawat\Downloads\simulator-windows-64\IMG\center_2024_02_20_18_56_15_037.jpg, C:\Users\Shreyas Rawat\Downloads\simulator-windows-64\IMG\left_2024_02_20_18_56_15_037.jpg, C:\Users\Shreyas Rawat\Downloads\simulator-windows-64\IMG\right_2024_02_20_18_56_15_037.jpg, 0, 1, 0, 30.19028
C:\Users\Shreyas Rawat\Downloads\simulator-windows-64\IMG\center_2024_02_20_18_56_15_144.jpg, C:\Users\Shreyas Rawat\Downloads\simulator-windows-64\IMG\left_2024_02_20_18_56_15_144.jpg, C:\Users\Shreyas Rawat\Downloads\simulator-windows-64\IMG\right_2024_02_20_18_56_15_144.jpg, -0.0518661, 1, 0, 30.18968
C:\Users\Shreyas Rawat\Downloads\simulator-windows-64\IMG\center_2024_02_20_18_56_15_248.jpg, C:\Users\Shreyas Rawat\Downloads\simulator-windows-64\IMG\left_2024_02_20_18_56_15_248.jpg, C:\Users\Shreyas Rawat\Downloads\simulator-windows-64\IMG\right_2024_02_20_18_56_15_248.jpg, -0.1067067, 1, 0, 30.18945
C:\Users\Shreyas Rawat\Downloads\simulator-windows-64\IMG\center_2024_02_20_18_56_15_356.jpg, C:\Users\Shreyas Rawat\Downloads\simulator-windows-64\IMG\left_2024_02_20_18_56_15_356.jpg, C:\Users\Shreyas Rawat\Downloads\simulator-windows-64\IMG\right_2024_02_20_18_56_15_356.jpg, 0, 1, 0, 30.19013
C:\Users\Shreyas Rawat\Downloads\simulator-windows-64\IMG\center_2024_02_20_18_56_15_458.jpg, C:\Users\Shreyas Rawat\Downloads\simulator-windows-64\IMG\left_2024_02_20_18_56_15_458.jpg, C:\Users\Shreyas Rawat\Downloads\simulator-windows-64\IMG\right_2024_02_20_18_56_15_458.jpg, 0, 1, 0, 30.19028
C:\Users\Shreyas Rawat\Downloads\simulator-windows-64\IMG\center_2024_02_20_18_56_15_568.jpg, C:\Users\Shreyas Rawat\Downloads\simulator-windows-64\IMG\left_2024_02_20_18_56_15_568.jpg, C:\Users\Shreyas Rawat\Downloads\simulator-windows-64\IMG\right_2024_02_20_18_56_15_568.jpg, 0, 1, 0, 30.19031
C:\Users\Shreyas Rawat\Downloads\simulator-windows-64\IMG\center_2024_02_20_18_56_15_676.jpg, C:\Users\Shreyas Rawat\Downloads\simulator-windows-64\IMG\left_2024_02_20_18_56_15_676.jpg, C:\Users\Shreyas Rawat\Downloads\simulator-windows-64\IMG\right_2024_02_20_18_56_15_676.jpg, 0, 1, 0, 30.1903
C:\Users\Shreyas Rawat\Downloads\simulator-windows-64\IMG\center_2024_02_20_18_56_15_782.jpg, C:\Users\Shreyas Rawat\Downloads\simulator-windows-64\IMG\left_2024_02_20_18_56_15_782.jpg, C:\Users\Shreyas Rawat\Downloads\simulator-windows-64\IMG\right_2024_02_20_18_56_15_782.jpg, 0, 1, 0, 30.19036
C:\Users\Shreyas Rawat\Downloads\simulator-windows-64\IMG\center_2024_02_20_18_56_15_889.jpg, C:\Users\Shreyas Rawat\Downloads\simulator-windows-64\IMG\left_2024_02_20_18_56_15_889.jpg, C:\Users\Shreyas Rawat\Downloads\simulator-windows-64\IMG\right_2024_02_20_18_56_15_889.jpg, -0.0245598, 1, 0, 30.19016
C:\Users\Shreyas Rawat\Downloads\simulator-windows-64\IMG\center_2024_02_20_18_56_15_995.jpg, C:\Users\Shreyas Rawat\Downloads\simulator-windows-64\IMG\left_2024_02_20_18_56_15_995.jpg, C:\Users\Shreyas Rawat\Downloads\simulator-windows-64\IMG\right_2024_02_20_18_56_15_995.jpg, -0.2140032, 1, 0, 30.18197
C:\Users\Shreyas Rawat\Downloads\simulator-windows-64\IMG\center_2024_02_20_18_56_16_099.jpg, C:\Users\Shreyas Rawat\Downloads\simulator-windows-64\IMG\left_2024_02_20_18_56_16_099.jpg, C:\Users\Shreyas Rawat\Downloads\simulator-windows-64\IMG\right_2024_02_20_18_56_16_099.jpg, 0, 1, 0, 30.1893
C:\Users\Shreyas Rawat\Downloads\simulator-windows-64\IMG\center_2024_02_20_18_56_16_207.jpg, C:\Users\Shreyas Rawat\Downloads\simulator-windows-64\IMG\left_2024_02_20_18_56_16_207.jpg, C:\Users\Shreyas Rawat\Downloads\simulator-windows-64\IMG\right_2024_02_20_18_56_16_207.jpg, 0, 1, 0, 30.19016
C:\Users\Shreyas Rawat\Downloads\simulator-windows-64\IMG\center_2024_02_20_18_56_16_314.jpg, C:\Users\Shreyas Rawat\Downloads\simulator-windows-64\IMG\left_2024_02_20_18_56_16_314.jpg, C:\Users\Shreyas Rawat\Downloads\simulator-windows-64\IMG\right_2024_02_20_18_56_16_314.jpg, 0, 1, 0, 30.19029
C:\Users\Shreyas Rawat\Downloads\simulator-windows-64\IMG\center_2024_02_20_18_56_16_417.jpg, C:\Users\Shreyas Rawat\Downloads\simulator-windows-64\IMG\left_2024_02_20_18_56_16_417.jpg, C:\Users\Shreyas Rawat\Downloads\simulator-windows-64\IMG\right_2024_02_20_18_56_16_417.jpg, 0, 1, 0, 30.1903
C:\Users\Shreyas Rawat\Downloads\simulator-windows-64\IMG\center_2024_02_20_18_56_16_522.jpg, C:\Users\Shreyas Rawat\Downloads\simulator-windows-64\IMG\left_2024_02_20_18_56_16_522.jpg, C:\Users\Shreyas Rawat\Downloads\simulator-windows-64\IMG\right_2024_02_20_18_56_16_522.jpg, 0, 1, 0, 30.35519
C:\Users\Shreyas Rawat\Downloads\simulator-windows-64\IMG\center_2024_02_20_18_56_16_626.jpg, C:\Users\Shreyas Rawat\Downloads\simulator-windows-64\IMG\left_2024_02_20_18_56_16_626.jpg, C:\Users\Shreyas Rawat\Downloads\simulator-windows-64\IMG\right_2024_02_20_18_56_16_626.jpg, -0.04439701, 1, 0, 30.17535
C:\Users\Shreyas Rawat\Downloads\simulator-windows-64\IMG\center_2024_02_20_18_56_16_727.jpg, C:\Users\Shreyas Rawat\Downloads\simulator-windows-64\IMG\left_2024_02_20_18_56_16_727.jpg, C:\Users\Shreyas Rawat\Downloads\simulator-windows-64\IMG\right_2024_02_20_18_56_16_727.jpg, 0, 1, 0, 30.08449
C:\Users\Shreyas Rawat\Downloads\simulator-windows-64\IMG\center_2024_02_20_18_56_16_833.jpg, C:\Users\Shreyas Rawat\Downloads\simulator-windows-64\IMG\left_2024_02_20_18_56_16_833.jpg, C:\Users\Shreyas Rawat\Downloads\simulator-windows-64\IMG\right_2024_02_20_18_56_16_833.jpg, 0, 1, 0, 30.1895
C:\Users\Shreyas Rawat\Downloads\simulator-windows-64\IMG\center_2024_02_20_18_56_16_940.jpg, C:\Users\Shreyas Rawat\Downloads\simulator-windows-64\IMG\left_2024_02_20_18_56_16_940.jpg, C:\Users\Shreyas Rawat\Downloads\simulator-windows-64\IMG\right_2024_02_20_18_56_16_940.jpg, 0, 1, 0, 30.18931
C:\Users\Shreyas Rawat\Downloads\simulator-windows-64\IMG\center_2024_02_20_18_56_17_048.jpg, C:\Users\Shreyas Rawat\Downloads\simulator-windows-64\IMG\left_2024_02_20_18_56_17_048.jpg, C:\Users\Shreyas Rawat\Downloads\simulator-windows-64\IMG\right_2024_02_20_18_56_17_048.jpg, 0, 1, 0, 30.18991
C:\Users\Shreyas Rawat\Downloads\simulator-windows-64\IMG\center_2024_02_20_18_56_17_160.jpg, C:\Users\Shreyas Rawat\Downloads\simulator-windows-64\IMG\left_2024_02_20_18_56_17_160.jpg, C:\Users\Shreyas Rawat\Downloads\simulator-windows-64\IMG\right_2024_02_20_18_56_17_160.jpg, 0, 1, 0, 30.18998
C:\Users\Shreyas Rawat\Downloads\simulator-windows-64\IMG\center_2024_02_20_18_56_17_269.jpg, C:\Users\Shreyas Rawat\Downloads\simulator-windows-64\IMG\left_2024_02_20_18_56_17_269.jpg, C:\Users\Shreyas Rawat\Downloads\simulator-windows-64\IMG\right_2024_02_20_18_56_17_269.jpg, 0, 1, 0, 30.18998
C:\Users\Shreyas Rawat\Downloads\simulator-windows-64\IMG\center_2024_02_20_18_56_17_376.jpg, C:\Users\Shreyas Rawat\Downloads\simulator-windows-64\IMG\left_2024_02_20_18_56_17_376.jpg, C:\Users\Shreyas Rawat\Downloads\simulator-windows-64\IMG\right_2024_02_20_18_56_17_376.jpg, 0, 1, 0, 30.18997
C:\Users\Shreyas Rawat\Downloads\simulator-windows-64\IMG\center_2024_02_20_18_56_17_480.jpg, C:\Users\Shreyas Rawat\Downloads\simulator-windows-64\IMG\left_2024_02_20_18_56_17_480.jpg, C:\Users\Shreyas Rawat\Downloads\simulator-windows-64\IMG\right_2024_02_20_18_56_17_480.jpg, 0, 1, 0, 30.18996
C:\Users\Shreyas Rawat\Downloads\simulator-windows-64\IMG\center_2024_02_20_18_56_17_580.jpg, C:\Users\Shreyas Rawat\Downloads\simulator-windows-64\IMG\left_2024_02_20_18_56_17_580.jpg, C:\Users\Shreyas Rawat\Downloads\simulator-windows-64\IMG\right_2024_02_20_18_56_17_580.jpg, 0, 1, 0, 30.18997
C:\Users\Shreyas Rawat\Downloads\simulator-windows-64\IMG\center_2024_02_20_18_56_17_691.jpg, C:\Users\Shreyas Rawat\Downloads\simulator-windows-64\IMG\left_2024_02_20_18_56_17_691.jpg, C:\Users\Shreyas Rawat\Downloads\simulator-windows-64\IMG\right_2024_02_20_18_56_17_691.jpg, 0, 1, 0, 30.18997
C:\Users\Shreyas Rawat\Downloads\simulator-windows-64\IMG\center_2024_02_20_18_56_17_794.jpg, C:\Users\Shreyas Rawat\Downloads\simulator-windows-64\IMG\left_2024_02_20_18_56_17_794.jpg, C:\Users\Shreyas Rawat\Downloads\simulator-windows-64\IMG\right_2024_02_20_18_56_17_794.jpg, 0, 1, 0, 30.18997
C:\Users\Shreyas Rawat\Downloads\simulator-windows-64\IMG\center_2024_02_20_18_56_17_902.jpg, C:\Users\Shreyas Rawat\Downloads\simulator-windows-64\IMG\left_2024_02_20_18_56_17_902.jpg, C:\Users\Shreyas Rawat\Downloads\simulator-windows-64\IMG\right_2024_02_20_18_56_17_902.jpg, 0, 1, 0, 30.18995
C:\Users\Shreyas Rawat\Downloads\simulator-windows-64\IMG\center_2024_02_20_18_56_18_009.jpg, C:\Users\Shreyas Rawat\Downloads\simulator-windows-64\IMG\left_2024_02_20_18_56_18_009.jpg, C:\Users\Shreyas Rawat\Downloads\simulator-windows-64\IMG\right_2024_02_20_18_56_18_009.jpg, 0, 1, 0, 30.18999
C:\Users\Shreyas Rawat\Downloads\simulator-windows-64\IMG\center_2024_02_20_18_56_18_116.jpg, C:\Users\Shreyas Rawat\Downloads\simulator-windows-64\IMG\left_2024_02_20_18_56_18_116.jpg, C:\Users\Shreyas Rawat\Downloads\simulator-windows-64\IMG\right_2024_02_20_18_56_18_116.jpg, 0, 1, 0, 30.18997
C:\Users\Shreyas Rawat\Downloads\simulator-windows-64\IMG\center_2024_02_20_18_56_18_218.jpg, C:\Users\Shreyas Rawat\Downloads\simulator-windows-64\IMG\left_2024_02_20_18_56_18_218.jpg, C:\Users\Shreyas Rawat\Downloads\simulator-windows-64\IMG\right_2024_02_20_18_56_18_218.jpg, 0, 1, 0, 30.18995
C:\Users\Shreyas Rawat\Downloads\simulator-windows-64\IMG\center_2024_02_20_18_56_18_326.jpg, C:\Users\Shreyas Rawat\Downloads\simulator-windows-64\IMG\left_2024_02_20_18_56_18_326.jpg, C:\Users\Shreyas Rawat\Downloads\simulator-windows-64\IMG\right_2024_02_20_18_56_18_326.jpg, 0, 1, 0, 30.18995
C:\Users\Shreyas Rawat\Downloads\simulator-windows-64\IMG\center_2024_02_20_18_56_18_435.jpg, C:\Users\Shreyas Rawat\Downloads\simulator-windows-64\IMG\left_2024_02_20_18_56_18_435.jpg, C:\Users\Shreyas Rawat\Downloads\simulator-windows-64\IMG\right_2024_02_20_18_56_18_435.jpg, 0, 1, 0, 30.18995
C:\Users\Shreyas Rawat\Downloads\simulator-windows-64\IMG\center_2024_02_20_18_56_18_541.jpg, C:\Users\Shreyas Rawat\Downloads\simulator-windows-64\IMG\left_2024_02_20_18_56_18_541.jpg, C:\Users\Shreyas Rawat\Downloads\simulator-windows-64\IMG\right_2024_02_20_18_56_18_541.jpg, 0, 1, 0, 30.18996
C:\Users\Shreyas Rawat\Downloads\simulator-windows-64\IMG\center_2024_02_20_18_56_18_641.jpg, C:\Users\Shreyas Rawat\Downloads\simulator-windows-64\IMG\left_2024_02_20_18_56_18_641.jpg, C:\Users\Shreyas Rawat\Downloads\simulator-windows-64\IMG\right_2024_02_20_18_56_18_641.jpg, 0, 1, 0, 30.18999
C:\Users\Shreyas Rawat\Downloads\simulator-windows-64\IMG\center_2024_02_20_18_56_18_742.jpg, C:\Users\Shreyas Rawat\Downloads\simulator-windows-64\IMG\left_2024_02_20_18_56_18_742.jpg, C:\Users\Shreyas Rawat\Downloads\simulator-windows-64\IMG\right_2024_02_20_18_56_18_742.jpg, 0, 1, 0, 30.18995
C:\Users\Shreyas Rawat\Downloads\simulator-windows-64\IMG\center_2024_02_20_18_56_18_853.jpg, C:\Users\Shreyas Rawat\Downloads\simulator-windows-64\IMG\left_2024_02_20_18_56_18_853.jpg, C:\Users\Shreyas Rawat\Downloads\simulator-windows-64\IMG\right_2024_02_20_18_56_18_853.jpg, 0, 1, 0, 30.18996
C:\Users\Shreyas Rawat\Downloads\simulator-windows-64\IMG\center_2024_02_20_18_56_18_955.jpg, C:\Users\Shreyas Rawat\Downloads\simulator-windows-64\IMG\left_2024_02_20_18_56_18_955.jpg, C:\Users\Shreyas Rawat\Downloads\simulator-windows-64\IMG\right_2024_02_20_18_56_18_955.jpg, 0, 1, 0, 30.18996
C:\Users\Shreyas Rawat\Downloads\simulator-windows-64\IMG\center_2024_02_20_18_56_19_063.jpg, C:\Users\Shreyas Rawat\Downloads\simulator-windows-64\IMG\left_2024_02_20_18_56_19_063.jpg, C:\Users\Shreyas Rawat\Downloads\simulator-windows-64\IMG\right_2024_02_20_18_56_19_063.jpg, 0, 1, 0, 30.18998
C:\Users\Shreyas Rawat\Downloads\simulator-windows-64\IMG\center_2024_02_20_18_56_19_174.jpg, C:\Users\Shreyas Rawat\Downloads\simulator-windows-64\IMG\left_2024_02_20_18_56_19_174.jpg, C:\Users\Shreyas Rawat\Downloads\simulator-windows-64\IMG\right_2024_02_20_18_56_19_174.jpg, 0, 1, 0, 30.18998
C:\Users\Shreyas Rawat\Downloads\simulator-windows-64\IMG\center_2024_02_20_18_56_19_279.jpg, C:\Users\Shreyas Rawat\Downloads\simulator-windows-64\IMG\left_2024_02_20_18_56_19_279.jpg, C:\Users\Shreyas Rawat\Downloads\simulator-windows-64\IMG\right_2024_02_20_18_56_19_279.jpg, 0, 1, 0, 30.18997
C:\Users\Shreyas Rawat\Downloads\simulator-windows-64\IMG\center_2024_02_20_18_56_19_382.jpg, C:\Users\Shreyas Rawat\Downloads\simulator-windows-64\IMG\left_2024_02_20_18_56_19_382.jpg, C:\Users\Shreyas Rawat\Downloads\simulator-windows-64\IMG\right_2024_02_20_18_56_19_382.jpg, 0, 1, 0, 30.18995
C:\Users\Shreyas Rawat\Downloads\simulator-windows-64\IMG\center_2024_02_20_18_56_19_490.jpg, C:\Users\Shreyas Rawat\Downloads\simulator-windows-64\IMG\left_2024_02_20_18_56_19_490.jpg, C:\Users\Shreyas Rawat\Downloads\simulator-windows-64\IMG\right_2024_02_20_18_56_19_490.jpg, 0, 1, 0, 30.18997
C:\Users\Shreyas Rawat\Downloads\simulator-windows-64\IMG\center_2024_02_20_18_56_19_598.jpg, C:\Users\Shreyas Rawat\Downloads\simulator-windows-64\IMG\left_2024_02_20_18_56_19_598.jpg, C:\Users\Shreyas Rawat\Downloads\simulator-windows-64\IMG\right_2024_02_20_18_56_19_598.jpg, 0, 1, 0, 30.18995
C:\Users\Shreyas Rawat\Downloads\simulator-windows-64\IMG\center_2024_02_20_18_56_19_706.jpg, C:\Users\Shreyas Rawat\Downloads\simulator-windows-64\IMG\left_2024_02_20_18_56_19_706.jpg, C:\Users\Shreyas Rawat\Downloads\simulator-windows-64\IMG\right_2024_02_20_18_56_19_706.jpg, 0, 1, 0, 30.18996
C:\Users\Shreyas Rawat\Downloads\simulator-windows-64\IMG\center_2024_02_20_18_56_19_812.jpg, C:\Users\Shreyas Rawat\Downloads\simulator-windows-64\IMG\left_2024_02_20_18_56_19_812.jpg, C:\Users\Shreyas Rawat\Downloads\simulator-windows-64\IMG\right_2024_02_20_18_56_19_812.jpg, 0, 1, 0, 30.18995
C:\Users\Shreyas Rawat\Downloads\simulator-windows-64\IMG\center_2024_02_20_18_56_19_916.jpg, C:\Users\Shreyas Rawat\Downloads\simulator-windows-64\IMG\left_2024_02_20_18_56_19_916.jpg, C:\Users\Shreyas Rawat\Downloads\simulator-windows-64\IMG\right_2024_02_20_18_56_19_916.jpg, 0, 1, 0, 30.18996
C:\Users\Shreyas Rawat\Downloads\simulator-windows-64\IMG\center_2024_02_20_18_56_20_016.jpg, C:\Users\Shreyas Rawat\Downloads\simulator-windows-64\IMG\left_2024_02_20_18_56_20_016.jpg, C:\Users\Shreyas Rawat\Downloads\simulator-windows-64\IMG\right_2024_02_20_18_56_20_016.jpg, 0, 1, 0, 30.18997
C:\Users\Shreyas Rawat\Downloads\simulator-windows-64\IMG\center_2024_02_20_18_56_20_123.jpg, C:\Users\Shreyas Rawat\Downloads\simulator-windows-64\IMG\left_2024_02_20_18_56_20_123.jpg, C:\Users\Shreyas Rawat\Downloads\simulator-windows-64\IMG\right_2024_02_20_18_56_20_123.jpg, 0, 1, 0, 30.19
C:\Users\Shreyas Rawat\Downloads\simulator-windows-64\IMG\center_2024_02_20_18_56_20_223.jpg, C:\Users\Shreyas Rawat\Downloads\simulator-windows-64\IMG\left_2024_02_20_18_56_20_223.jpg, C:\Users\Shreyas Rawat\Downloads\simulator-windows-64\IMG\right_2024_02_20_18_56_20_223.jpg, 0, 1, 0, 30.18995
C:\Users\Shreyas Rawat\Downloads\simulator-windows-64\IMG\center_2024_02_20_18_56_20_331.jpg, C:\Users\Shreyas Rawat\Downloads\simulator-windows-64\IMG\left_2024_02_20_18_56_20_331.jpg, C:\Users\Shreyas Rawat\Downloads\simulator-windows-64\IMG\right_2024_02_20_18_56_20_331.jpg, 0, 1, 0, 30.18996
C:\Users\Shreyas Rawat\Downloads\simulator-windows-64\IMG\center_2024_02_20_18_56_20_440.jpg, C:\Users\Shreyas Rawat\Downloads\simulator-windows-64\IMG\left_2024_02_20_18_56_20_440.jpg, C:\Users\Shreyas Rawat\Downloads\simulator-windows-64\IMG\right_2024_02_20_18_56_20_440.jpg, 0, 1, 0, 30.18995
C:\Users\Shreyas Rawat\Downloads\simulator-windows-64\IMG\center_2024_02_20_18_56_20_548.jpg, C:\Users\Shreyas Rawat\Downloads\simulator-windows-64\IMG\left_2024_02_20_18_56_20_548.jpg, C:\Users\Shreyas Rawat\Downloads\simulator-windows-64\IMG\right_2024_02_20_18_56_20_548.jpg, 0, 1, 0, 30.19
C:\Users\Shreyas Rawat\Downloads\simulator-windows-64\IMG\center_2024_02_20_18_56_20_648.jpg, C:\Users\Shreyas Rawat\Downloads\simulator-windows-64\IMG\left_2024_02_20_18_56_20_648.jpg, C:\Users\Shreyas Rawat\Downloads\simulator-windows-64\IMG\right_2024_02_20_18_56_20_648.jpg, 0, 1, 0, 30.18999
C:\Users\Shreyas Rawat\Downloads\simulator-windows-64\IMG\center_2024_02_20_18_56_20_750.jpg, C:\Users\Shreyas Rawat\Downloads\simulator-windows-64\IMG\left_2024_02_20_18_56_20_750.jpg, C:\Users\Shreyas Rawat\Downloads\simulator-windows-64\IMG\right_2024_02_20_18_56_20_750.jpg, 0, 1, 0, 30.18996
C:\Users\Shreyas Rawat\Downloads\simulator-windows-64\IMG\center_2024_02_20_18_56_20_851.jpg, C:\Users\Shreyas Rawat\Downloads\simulator-windows-64\IMG\left_2024_02_20_18_56_20_851.jpg, C:\Users\Shreyas Rawat\Downloads\simulator-windows-64\IMG\right_2024_02_20_18_56_20_851.jpg, 0, 1, 0, 30.18998
C:\Users\Shreyas Rawat\Downloads\simulator-windows-64\IMG\center_2024_02_20_18_56_20_962.jpg, C:\Users\Shreyas Rawat\Downloads\simulator-windows-64\IMG\left_2024_02_20_18_56_20_962.jpg, C:\Users\Shreyas Rawat\Downloads\simulator-windows-64\IMG\right_2024_02_20_18_56_20_962.jpg, 0, 1, 0, 30.18996
C:\Users\Shreyas Rawat\Downloads\simulator-windows-64\IMG\center_2024_02_20_18_56_21_066.jpg, C:\Users\Shreyas Rawat\Downloads\simulator-windows-64\IMG\left_2024_02_20_18_56_21_066.jpg, C:\Users\Shreyas Rawat\Downloads\simulator-windows-64\IMG\right_2024_02_20_18_56_21_066.jpg, 0, 1, 0, 30.18998
C:\Users\Shreyas Rawat\Downloads\simulator-windows-64\IMG\center_2024_02_20_18_56_21_173.jpg, C:\Users\Shreyas Rawat\Downloads\simulator-windows-64\IMG\left_2024_02_20_18_56_21_173.jpg, C:\Users\Shreyas Rawat\Downloads\simulator-windows-64\IMG\right_2024_02_20_18_56_21_173.jpg, 0, 1, 0, 30.18995
C:\Users\Shreyas Rawat\Downloads\simulator-windows-64\IMG\center_2024_02_20_18_56_21_276.jpg, C:\Users\Shreyas Rawat\Downloads\simulator-windows-64\IMG\left_2024_02_20_18_56_21_276.jpg, C:\Users\Shreyas Rawat\Downloads\simulator-windows-64\IMG\right_2024_02_20_18_56_21_276.jpg, 0, 1, 0, 30.18995
C:\Users\Shreyas Rawat\Downloads\simulator-windows-64\IMG\center_2024_02_20_18_56_21_384.jpg, C:\Users\Shreyas Rawat\Downloads\simulator-windows-64\IMG\left_2024_02_20_18_56_21_384.jpg, C:\Users\Shreyas Rawat\Downloads\simulator-windows-64\IMG\right_2024_02_20_18_56_21_384.jpg, 0, 1, 0, 30.18992
C:\Users\Shreyas Rawat\Downloads\simulator-windows-64\IMG\center_2024_02_20_18_56_21_490.jpg, C:\Users\Shreyas Rawat\Downloads\simulator-windows-64\IMG\left_2024_02_20_18_56_21_490.jpg, C:\Users\Shreyas Rawat\Downloads\simulator-windows-64\IMG\right_2024_02_20_18_56_21_490.jpg, 0, 1, 0, 30.18999
C:\Users\Shreyas Rawat\Downloads\simulator-windows-64\IMG\center_2024_02_20_18_56_21_593.jpg, C:\Users\Shreyas Rawat\Downloads\simulator-windows-64\IMG\left_2024_02_20_18_56_21_593.jpg, C:\Users\Shreyas Rawat\Downloads\simulator-windows-64\IMG\right_2024_02_20_18_56_21_593.jpg, 0, 1, 0, 30.18995
C:\Users\Shreyas Rawat\Downloads\simulator-windows-64\IMG\center_2024_02_20_18_56_21_704.jpg, C:\Users\Shreyas Rawat\Downloads\simulator-windows-64\IMG\left_2024_02_20_18_56_21_704.jpg, C:\Users\Shreyas Rawat\Downloads\simulator-windows-64\IMG\right_2024_02_20_18_56_21_704.jpg, 0, 1, 0, 30.18997
C:\Users\Shreyas Rawat\Downloads\simulator-windows-64\IMG\center_2024_02_20_18_56_21_815.jpg, C:\Users\Shreyas Rawat\Downloads\simulator-windows-64\IMG\left_2024_02_20_18_56_21_815.jpg, C:\Users\Shreyas Rawat\Downloads\simulator-windows-64\IMG\right_2024_02_20_18_56_21_815.jpg, 0, 1, 0, 30.18997
C:\Users\Shreyas Rawat\Downloads\simulator-windows-64\IMG\center_2024_02_20_18_56_21_925.jpg, C:\Users\Shreyas Rawat\Downloads\simulator-windows-64\IMG\left_2024_02_20_18_56_21_925.jpg, C:\Users\Shreyas Rawat\Downloads\simulator-windows-64\IMG\right_2024_02_20_18_56_21_925.jpg, 0, 1, 0, 30.18995
C:\Users\Shreyas Rawat\Downloads\simulator-windows-64\IMG\center_2024_02_20_18_56_22_035.jpg, C:\Users\Shreyas Rawat\Downloads\simulator-windows-64\IMG\left_2024_02_20_18_56_22_035.jpg, C:\Users\Shreyas Rawat\Downloads\simulator-windows-64\IMG\right_2024_02_20_18_56_22_035.jpg, 0, 1, 0, 30.18996
C:\Users\Shreyas Rawat\Downloads\simulator-windows-64\IMG\center_2024_02_20_18_56_22_140.jpg, C:\Users\Shreyas Rawat\Downloads\simulator-windows-64\IMG\left_2024_02_20_18_56_22_140.jpg, C:\Users\Shreyas Rawat\Downloads\simulator-windows-64\IMG\right_2024_02_20_18_56_22_140.jpg, 0, 1, 0, 30.18994
C:\Users\Shreyas Rawat\Downloads\simulator-windows-64\IMG\center_2024_02_20_18_56_22_242.jpg, C:\Users\Shreyas Rawat\Downloads\simulator-windows-64\IMG\left_2024_02_20_18_56_22_242.jpg, C:\Users\Shreyas Rawat\Downloads\simulator-windows-64\IMG\right_2024_02_20_18_56_22_242.jpg, 0, 1, 0, 30.19
C:\Users\Shreyas Rawat\Downloads\simulator-windows-64\IMG\center_2024_02_20_18_56_22_348.jpg, C:\Users\Shreyas Rawat\Downloads\simulator-windows-64\IMG\left_2024_02_20_18_56_22_348.jpg, C:\Users\Shreyas Rawat\Downloads\simulator-windows-64\IMG\right_2024_02_20_18_56_22_348.jpg, 0, 1, 0, 30.18993
C:\Users\Shreyas Rawat\Downloads\simulator-windows-64\IMG\center_2024_02_20_18_56_22_459.jpg, C:\Users\Shreyas Rawat\Downloads\simulator-windows-64\IMG\left_2024_02_20_18_56_22_459.jpg, C:\Users\Shreyas Rawat\Downloads\simulator-windows-64\IMG\right_2024_02_20_18_56_22_459.jpg, 0, 1, 0, 30.18997
C:\Users\Shreyas Rawat\Downloads\simulator-windows-64\IMG\center_2024_02_20_18_56_22_568.jpg, C:\Users\Shreyas Rawat\Downloads\simulator-windows-64\IMG\left_2024_02_20_18_56_22_568.jpg, C:\Users\Shreyas Rawat\Downloads\simulator-windows-64\IMG\right_2024_02_20_18_56_22_568.jpg, 0, 1, 0, 30.18995
C:\Users\Shreyas Rawat\Downloads\simulator-windows-64\IMG\center_2024_02_20_18_56_22_672.jpg, C:\Users\Shreyas Rawat\Downloads\simulator-windows-64\IMG\left_2024_02_20_18_56_22_672.jpg, C:\Users\Shreyas Rawat\Downloads\simulator-windows-64\IMG\right_2024_02_20_18_56_22_672.jpg, 0, 1, 0, 30.18999
C:\Users\Shreyas Rawat\Downloads\simulator-windows-64\IMG\center_2024_02_20_18_56_22_778.jpg, C:\Users\Shreyas Rawat\Downloads\simulator-windows-64\IMG\left_2024_02_20_18_56_22_778.jpg, C:\Users\Shreyas Rawat\Downloads\simulator-windows-64\IMG\right_2024_02_20_18_56_22_778.jpg, 0, 1, 0, 30.18998
C:\Users\Shreyas Rawat\Downloads\simulator-windows-64\IMG\center_2024_02_20_18_56_22_882.jpg, C:\Users\Shreyas Rawat\Downloads\simulator-windows-64\IMG\left_2024_02_20_18_56_22_882.jpg, C:\Users\Shreyas Rawat\Downloads\simulator-windows-64\IMG\right_2024_02_20_18_56_22_882.jpg, 0, 1, 0, 30.18996
C:\Users\Shreyas Rawat\Downloads\simulator-windows-64\IMG\center_2024_02_20_18_56_22_983.jpg, C:\Users\Shreyas Rawat\Downloads\simulator-windows-64\IMG\left_2024_02_20_18_56_22_983.jpg, C:\Users\Shreyas Rawat\Downloads\simulator-windows-64\IMG\right_2024_02_20_18_56_22_983.jpg, 0, 0.9348271, 0, 30.18995
C:\Users\Shreyas Rawat\Downloads\simulator-windows-64\IMG\center_2024_02_20_18_56_23_087.jpg, C:\Users\Shreyas Rawat\Downloads\simulator-windows-64\IMG\left_2024_02_20_18_56_23_087.jpg, C:\Users\Shreyas Rawat\Downloads\simulator-windows-64\IMG\right_2024_02_20_18_56_23_087.jpg, 0, 0.655252, 0, 30.10909
C:\Users\Shreyas Rawat\Downloads\simulator-windows-64\IMG\center_2024_02_20_18_56_23_198.jpg, C:\Users\Shreyas Rawat\Downloads\simulator-windows-64\IMG\left_2024_02_20_18_56_23_198.jpg, C:\Users\Shreyas Rawat\Downloads\simulator-windows-64\IMG\right_2024_02_20_18_56_23_198.jpg, 0, 0.2869134, 0, 30.01399
C:\Users\Shreyas Rawat\Downloads\simulator-windows-64\IMG\center_2024_02_20_18_56_23_303.jpg, C:\Users\Shreyas Rawat\Downloads\simulator-windows-64\IMG\left_2024_02_20_18_56_23_303.jpg, C:\Users\Shreyas Rawat\Downloads\simulator-windows-64\IMG\right_2024_02_20_18_56_23_303.jpg, 0, 0, 0, 29.86872
C:\Users\Shreyas Rawat\Downloads\simulator-windows-64\IMG\center_2024_02_20_18_56_23_407.jpg, C:\Users\Shreyas Rawat\Downloads\simulator-windows-64\IMG\left_2024_02_20_18_56_23_407.jpg, C:\Users\Shreyas Rawat\Downloads\simulator-windows-64\IMG\right_2024_02_20_18_56_23_407.jpg, 0, 0.1988979, 0, 29.61533
C:\Users\Shreyas Rawat\Downloads\simulator-windows-64\IMG\center_2024_02_20_18_56_23_512.jpg, C:\Users\Shreyas Rawat\Downloads\simulator-windows-64\IMG\left_2024_02_20_18_56_23_512.jpg, C:\Users\Shreyas Rawat\Downloads\simulator-windows-64\IMG\right_2024_02_20_18_56_23_512.jpg, 0, 0.4838316, 0, 29.71077
C:\Users\Shreyas Rawat\Downloads\simulator-windows-64\IMG\center_2024_02_20_18_56_23_615.jpg, C:\Users\Shreyas Rawat\Downloads\simulator-windows-64\IMG\left_2024_02_20_18_56_23_615.jpg, C:\Users\Shreyas Rawat\Downloads\simulator-windows-64\IMG\right_2024_02_20_18_56_23_615.jpg, 0, 0.8249445, 0, 30.14226
C:\Users\Shreyas Rawat\Downloads\simulator-windows-64\IMG\center_2024_02_20_18_56_23_716.jpg, C:\Users\Shreyas Rawat\Downloads\simulator-windows-64\IMG\left_2024_02_20_18_56_23_716.jpg, C:\Users\Shreyas Rawat\Downloads\simulator-windows-64\IMG\right_2024_02_20_18_56_23_716.jpg, 0, 1, 0, 30.18948
C:\Users\Shreyas Rawat\Downloads\simulator-windows-64\IMG\center_2024_02_20_18_56_23_824.jpg, C:\Users\Shreyas Rawat\Downloads\simulator-windows-64\IMG\left_2024_02_20_18_56_23_824.jpg, C:\Users\Shreyas Rawat\Downloads\simulator-windows-64\IMG\right_2024_02_20_18_56_23_824.jpg, 0, 1, 0, 30.18995
C:\Users\Shreyas Rawat\Downloads\simulator-windows-64\IMG\center_2024_02_20_18_56_23_936.jpg, C:\Users\Shreyas Rawat\Downloads\simulator-windows-64\IMG\left_2024_02_20_18_56_23_936.jpg, C:\Users\Shreyas Rawat\Downloads\simulator-windows-64\IMG\right_2024_02_20_18_56_23_936.jpg, 0, 1, 0, 30.18998
C:\Users\Shreyas Rawat\Downloads\simulator-windows-64\IMG\center_2024_02_20_18_56_24_047.jpg, C:\Users\Shreyas Rawat\Downloads\simulator-windows-64\IMG\left_2024_02_20_18_56_24_047.jpg, C:\Users\Shreyas Rawat\Downloads\simulator-windows-64\IMG\right_2024_02_20_18_56_24_047.jpg, 0, 1, 0, 30.18995
C:\Users\Shreyas Rawat\Downloads\simulator-windows-64\IMG\center_2024_02_20_18_56_24_150.jpg, C:\Users\Shreyas Rawat\Downloads\simulator-windows-64\IMG\left_2024_02_20_18_56_24_150.jpg, C:\Users\Shreyas Rawat\Downloads\simulator-windows-64\IMG\right_2024_02_20_18_56_24_150.jpg, 0, 1, 0, 30.18999
C:\Users\Shreyas Rawat\Downloads\simulator-windows-64\IMG\center_2024_02_20_18_56_24_250.jpg, C:\Users\Shreyas Rawat\Downloads\simulator-windows-64\IMG\left_2024_02_20_18_56_24_250.jpg, C:\Users\Shreyas Rawat\Downloads\simulator-windows-64\IMG\right_2024_02_20_18_56_24_250.jpg, 0, 1, 0, 30.18997
C:\Users\Shreyas Rawat\Downloads\simulator-windows-64\IMG\center_2024_02_20_18_56_24_354.jpg, C:\Users\Shreyas Rawat\Downloads\simulator-windows-64\IMG\left_2024_02_20_18_56_24_354.jpg, C:\Users\Shreyas Rawat\Downloads\simulator-windows-64\IMG\right_2024_02_20_18_56_24_354.jpg, 0, 1, 0, 30.18999
C:\Users\Shreyas Rawat\Downloads\simulator-windows-64\IMG\center_2024_02_20_18_56_24_456.jpg, C:\Users\Shreyas Rawat\Downloads\simulator-windows-64\IMG\left_2024_02_20_18_56_24_456.jpg, C:\Users\Shreyas Rawat\Downloads\simulator-windows-64\IMG\right_2024_02_20_18_56_24_456.jpg, 0, 1, 0, 30.18997
C:\Users\Shreyas Rawat\Downloads\simulator-windows-64\IMG\center_2024_02_20_18_56_24_558.jpg, C:\Users\Shreyas Rawat\Downloads\simulator-windows-64\IMG\left_2024_02_20_18_56_24_558.jpg, C:\Users\Shreyas Rawat\Downloads\simulator-windows-64\IMG\right_2024_02_20_18_56_24_558.jpg, 0, 1, 0, 30.06102
C:\Users\Shreyas Rawat\Downloads\simulator-windows-64\IMG\center_2024_02_20_18_56_24_669.jpg, C:\Users\Shreyas Rawat\Downloads\simulator-windows-64\IMG\left_2024_02_20_18_56_24_669.jpg, C:\Users\Shreyas Rawat\Downloads\simulator-windows-64\IMG\right_2024_02_20_18_56_24_669.jpg, 0, 1, 0, 30.31491
C:\Users\Shreyas Rawat\Downloads\simulator-windows-64\IMG\center_2024_02_20_18_56_24_772.jpg, C:\Users\Shreyas Rawat\Downloads\simulator-windows-64\IMG\left_2024_02_20_18_56_24_772.jpg, C:\Users\Shreyas Rawat\Downloads\simulator-windows-64\IMG\right_2024_02_20_18_56_24_772.jpg, 0, 1, 0, 30.18601
C:\Users\Shreyas Rawat\Downloads\simulator-windows-64\IMG\center_2024_02_20_18_56_24_880.jpg, C:\Users\Shreyas Rawat\Downloads\simulator-windows-64\IMG\left_2024_02_20_18_56_24_880.jpg, C:\Users\Shreyas Rawat\Downloads\simulator-windows-64\IMG\right_2024_02_20_18_56_24_880.jpg, 0, 1, 0, 30.17613
C:\Users\Shreyas Rawat\Downloads\simulator-windows-64\IMG\center_2024_02_20_18_56_24_988.jpg, C:\Users\Shreyas Rawat\Downloads\simulator-windows-64\IMG\left_2024_02_20_18_56_24_988.jpg, C:\Users\Shreyas Rawat\Downloads\simulator-windows-64\IMG\right_2024_02_20_18_56_24_988.jpg, 0, 1, 0, 30.18662
C:\Users\Shreyas Rawat\Downloads\simulator-windows-64\IMG\center_2024_02_20_18_56_25_090.jpg, C:\Users\Shreyas Rawat\Downloads\simulator-windows-64\IMG\left_2024_02_20_18_56_25_090.jpg, C:\Users\Shreyas Rawat\Downloads\simulator-windows-64\IMG\right_2024_02_20_18_56_25_090.jpg, -0.071853, 1, 0, 30.18798
C:\Users\Shreyas Rawat\Downloads\simulator-windows-64\IMG\center_2024_02_20_18_56_25_191.jpg, C:\Users\Shreyas Rawat\Downloads\simulator-windows-64\IMG\left_2024_02_20_18_56_25_191.jpg, C:\Users\Shreyas Rawat\Downloads\simulator-windows-64\IMG\right_2024_02_20_18_56_25_191.jpg, 0, 1, 0, 30.19093
C:\Users\Shreyas Rawat\Downloads\simulator-windows-64\IMG\center_2024_02_20_18_56_25_296.jpg, C:\Users\Shreyas Rawat\Downloads\simulator-windows-64\IMG\left_2024_02_20_18_56_25_296.jpg, C:\Users\Shreyas Rawat\Downloads\simulator-windows-64\IMG\right_2024_02_20_18_56_25_296.jpg, 0, 1, 0, 30.19012
C:\Users\Shreyas Rawat\Downloads\simulator-windows-64\IMG\center_2024_02_20_18_56_25_398.jpg, C:\Users\Shreyas Rawat\Downloads\simulator-windows-64\IMG\left_2024_02_20_18_56_25_398.jpg, C:\Users\Shreyas Rawat\Downloads\simulator-windows-64\IMG\right_2024_02_20_18_56_25_398.jpg, 0, 1, 0, 30.19042
C:\Users\Shreyas Rawat\Downloads\simulator-windows-64\IMG\center_2024_02_20_18_56_25_507.jpg, C:\Users\Shreyas Rawat\Downloads\simulator-windows-64\IMG\left_2024_02_20_18_56_25_507.jpg, C:\Users\Shreyas Rawat\Downloads\simulator-windows-64\IMG\right_2024_02_20_18_56_25_507.jpg, -0.2923281, 1, 0, 30.16898
C:\Users\Shreyas Rawat\Downloads\simulator-windows-64\IMG\center_2024_02_20_18_56_25_616.jpg, C:\Users\Shreyas Rawat\Downloads\simulator-windows-64\IMG\left_2024_02_20_18_56_25_616.jpg, C:\Users\Shreyas Rawat\Downloads\simulator-windows-64\IMG\right_2024_02_20_18_56_25_616.jpg, 0, 1, 0, 30.18945
C:\Users\Shreyas Rawat\Downloads\simulator-windows-64\IMG\center_2024_02_20_18_56_25_720.jpg, C:\Users\Shreyas Rawat\Downloads\simulator-windows-64\IMG\left_2024_02_20_18_56_25_720.jpg, C:\Users\Shreyas Rawat\Downloads\simulator-windows-64\IMG\right_2024_02_20_18_56_25_720.jpg, 0, 1, 0, 30.19002
C:\Users\Shreyas Rawat\Downloads\simulator-windows-64\IMG\center_2024_02_20_18_56_25_826.jpg, C:\Users\Shreyas Rawat\Downloads\simulator-windows-64\IMG\left_2024_02_20_18_56_25_826.jpg, C:\Users\Shreyas Rawat\Downloads\simulator-windows-64\IMG\right_2024_02_20_18_56_25_826.jpg, 0, 1, 0, 30.19025
C:\Users\Shreyas Rawat\Downloads\simulator-windows-64\IMG\center_2024_02_20_18_56_25_930.jpg, C:\Users\Shreyas Rawat\Downloads\simulator-windows-64\IMG\left_2024_02_20_18_56_25_930.jpg, C:\Users\Shreyas Rawat\Downloads\simulator-windows-64\IMG\right_2024_02_20_18_56_25_930.jpg, 0, 1, 0, 30.19028
C:\Users\Shreyas Rawat\Downloads\simulator-windows-64\IMG\center_2024_02_20_18_56_26_039.jpg, C:\Users\Shreyas Rawat\Downloads\simulator-windows-64\IMG\left_2024_02_20_18_56_26_039.jpg, C:\Users\Shreyas Rawat\Downloads\simulator-windows-64\IMG\right_2024_02_20_18_56_26_039.jpg, 0, 1, 0, 30.19024
C:\Users\Shreyas Rawat\Downloads\simulator-windows-64\IMG\center_2024_02_20_18_56_26_142.jpg, C:\Users\Shreyas Rawat\Downloads\simulator-windows-64\IMG\left_2024_02_20_18_56_26_142.jpg, C:\Users\Shreyas Rawat\Downloads\simulator-windows-64\IMG\right_2024_02_20_18_56_26_142.jpg, 0, 1, 0, 30.1903
C:\Users\Shreyas Rawat\Downloads\simulator-windows-64\IMG\center_2024_02_20_18_56_26_245.jpg, C:\Users\Shreyas Rawat\Downloads\simulator-windows-64\IMG\left_2024_02_20_18_56_26_245.jpg, C:\Users\Shreyas Rawat\Downloads\simulator-windows-64\IMG\right_2024_02_20_18_56_26_245.jpg, -0.1248954, 1, 0, 30.18522
C:\Users\Shreyas Rawat\Downloads\simulator-windows-64\IMG\center_2024_02_20_18_56_26_349.jpg, C:\Users\Shreyas Rawat\Downloads\simulator-windows-64\IMG\left_2024_02_20_18_56_26_349.jpg, C:\Users\Shreyas Rawat\Downloads\simulator-windows-64\IMG\right_2024_02_20_18_56_26_349.jpg, 0, 1, 0, 30.1902
C:\Users\Shreyas Rawat\Downloads\simulator-windows-64\IMG\center_2024_02_20_18_56_26_458.jpg, C:\Users\Shreyas Rawat\Downloads\simulator-windows-64\IMG\left_2024_02_20_18_56_26_458.jpg, C:\Users\Shreyas Rawat\Downloads\simulator-windows-64\IMG\right_2024_02_20_18_56_26_458.jpg, 0, 1, 0, 30.19049
C:\Users\Shreyas Rawat\Downloads\simulator-windows-64\IMG\center_2024_02_20_18_56_26_559.jpg, C:\Users\Shreyas Rawat\Downloads\simulator-windows-64\IMG\left_2024_02_20_18_56_26_559.jpg, C:\Users\Shreyas Rawat\Downloads\simulator-windows-64\IMG\right_2024_02_20_18_56_26_559.jpg, -0.0607437, 1, 0, 30.18949
C:\Users\Shreyas Rawat\Downloads\simulator-windows-64\IMG\center_2024_02_20_18_56_26_667.jpg, C:\Users\Shreyas Rawat\Downloads\simulator-windows-64\IMG\left_2024_02_20_18_56_26_667.jpg, C:\Users\Shreyas Rawat\Downloads\simulator-windows-64\IMG\right_2024_02_20_18_56_26_667.jpg, -0.2808009, 1, 0, 30.17135
C:\Users\Shreyas Rawat\Downloads\simulator-windows-64\IMG\center_2024_02_20_18_56_26_769.jpg, C:\Users\Shreyas Rawat\Downloads\simulator-windows-64\IMG\left_2024_02_20_18_56_26_769.jpg, C:\Users\Shreyas Rawat\Downloads\simulator-windows-64\IMG\right_2024_02_20_18_56_26_769.jpg, 0, 1, 0, 30.18928
C:\Users\Shreyas Rawat\Downloads\simulator-windows-64\IMG\center_2024_02_20_18_56_26_878.jpg, C:\Users\Shreyas Rawat\Downloads\simulator-windows-64\IMG\left_2024_02_20_18_56_26_878.jpg, C:\Users\Shreyas Rawat\Downloads\simulator-windows-64\IMG\right_2024_02_20_18_56_26_878.jpg, 0, 1, 0, 30.19016
C:\Users\Shreyas Rawat\Downloads\simulator-windows-64\IMG\center_2024_02_20_18_56_26_980.jpg, C:\Users\Shreyas Rawat\Downloads\simulator-windows-64\IMG\left_2024_02_20_18_56_26_980.jpg, C:\Users\Shreyas Rawat\Downloads\simulator-windows-64\IMG\right_2024_02_20_18_56_26_980.jpg, 0, 1, 0, 30.19028
C:\Users\Shreyas Rawat\Downloads\simulator-windows-64\IMG\center_2024_02_20_18_56_27_086.jpg, C:\Users\Shreyas Rawat\Downloads\simulator-windows-64\IMG\left_2024_02_20_18_56_27_086.jpg, C:\Users\Shreyas Rawat\Downloads\simulator-windows-64\IMG\right_2024_02_20_18_56_27_086.jpg, 0, 1, 0, 30.19028
C:\Users\Shreyas Rawat\Downloads\simulator-windows-64\IMG\center_2024_02_20_18_56_27_191.jpg, C:\Users\Shreyas Rawat\Downloads\simulator-windows-64\IMG\left_2024_02_20_18_56_27_191.jpg, C:\Users\Shreyas Rawat\Downloads\simulator-windows-64\IMG\right_2024_02_20_18_56_27_191.jpg, -0.2840763, 1, 0, 30.17056
C:\Users\Shreyas Rawat\Downloads\simulator-windows-64\IMG\center_2024_02_20_18_56_27_296.jpg, C:\Users\Shreyas Rawat\Downloads\simulator-windows-64\IMG\left_2024_02_20_18_56_27_296.jpg, C:\Users\Shreyas Rawat\Downloads\simulator-windows-64\IMG\right_2024_02_20_18_56_27_296.jpg, -0.1293831, 1, 0, 30.19121
C:\Users\Shreyas Rawat\Downloads\simulator-windows-64\IMG\center_2024_02_20_18_56_27_399.jpg, C:\Users\Shreyas Rawat\Downloads\simulator-windows-64\IMG\left_2024_02_20_18_56_27_399.jpg, C:\Users\Shreyas Rawat\Downloads\simulator-windows-64\IMG\right_2024_02_20_18_56_27_399.jpg, 0, 1, 0, 30.18935
C:\Users\Shreyas Rawat\Downloads\simulator-windows-64\IMG\center_2024_02_20_18_56_27_500.jpg, C:\Users\Shreyas Rawat\Downloads\simulator-windows-64\IMG\left_2024_02_20_18_56_27_500.jpg, C:\Users\Shreyas Rawat\Downloads\simulator-windows-64\IMG\right_2024_02_20_18_56_27_500.jpg, 0, 1, 0, 30.19014
C:\Users\Shreyas Rawat\Downloads\simulator-windows-64\IMG\center_2024_02_20_18_56_27_601.jpg, C:\Users\Shreyas Rawat\Downloads\simulator-windows-64\IMG\left_2024_02_20_18_56_27_601.jpg, C:\Users\Shreyas Rawat\Downloads\simulator-windows-64\IMG\right_2024_02_20_18_56_27_601.jpg, 0, 1, 0, 30.19027
C:\Users\Shreyas Rawat\Downloads\simulator-windows-64\IMG\center_2024_02_20_18_56_27_708.jpg, C:\Users\Shreyas Rawat\Downloads\simulator-windows-64\IMG\left_2024_02_20_18_56_27_708.jpg, C:\Users\Shreyas Rawat\Downloads\simulator-windows-64\IMG\right_2024_02_20_18_56_27_708.jpg, -0.2331249, 1, 0, 30.17681
C:\Users\Shreyas Rawat\Downloads\simulator-windows-64\IMG\center_2024_02_20_18_56_27_814.jpg, C:\Users\Shreyas Rawat\Downloads\simulator-windows-64\IMG\left_2024_02_20_18_56_27_814.jpg, C:\Users\Shreyas Rawat\Downloads\simulator-windows-64\IMG\right_2024_02_20_18_56_27_814.jpg, 0, 1, 0, 30.18946
C:\Users\Shreyas Rawat\Downloads\simulator-windows-64\IMG\center_2024_02_20_18_56_27_915.jpg, C:\Users\Shreyas Rawat\Downloads\simulator-windows-64\IMG\left_2024_02_20_18_56_27_915.jpg, C:\Users\Shreyas Rawat\Downloads\simulator-windows-64\IMG\right_2024_02_20_18_56_27_915.jpg, 0, 1, 0, 30.19021
C:\Users\Shreyas Rawat\Downloads\simulator-windows-64\IMG\center_2024_02_20_18_56_28_019.jpg, C:\Users\Shreyas Rawat\Downloads\simulator-windows-64\IMG\left_2024_02_20_18_56_28_019.jpg, C:\Users\Shreyas Rawat\Downloads\simulator-windows-64\IMG\right_2024_02_20_18_56_28_019.jpg, -0.1488402, 1, 0, 30.18548
C:\Users\Shreyas Rawat\Downloads\simulator-windows-64\IMG\center_2024_02_20_18_56_28_128.jpg, C:\Users\Shreyas Rawat\Downloads\simulator-windows-64\IMG\left_2024_02_20_18_56_28_128.jpg, C:\Users\Shreyas Rawat\Downloads\simulator-windows-64\IMG\right_2024_02_20_18_56_28_128.jpg, -0.4418688, 1, 0, 30.15217
C:\Users\Shreyas Rawat\Downloads\simulator-windows-64\IMG\center_2024_02_20_18_56_28_228.jpg, C:\Users\Shreyas Rawat\Downloads\simulator-windows-64\IMG\left_2024_02_20_18_56_28_228.jpg, C:\Users\Shreyas Rawat\Downloads\simulator-windows-64\IMG\right_2024_02_20_18_56_28_228.jpg, -0.1397214, 1, 0, 30.19173
C:\Users\Shreyas Rawat\Downloads\simulator-windows-64\IMG\center_2024_02_20_18_56_28_331.jpg, C:\Users\Shreyas Rawat\Downloads\simulator-windows-64\IMG\left_2024_02_20_18_56_28_331.jpg, C:\Users\Shreyas Rawat\Downloads\simulator-windows-64\IMG\right_2024_02_20_18_56_28_331.jpg, 0, 1, 0, 30.1889
C:\Users\Shreyas Rawat\Downloads\simulator-windows-64\IMG\center_2024_02_20_18_56_28_438.jpg, C:\Users\Shreyas Rawat\Downloads\simulator-windows-64\IMG\left_2024_02_20_18_56_28_438.jpg, C:\Users\Shreyas Rawat\Downloads\simulator-windows-64\IMG\right_2024_02_20_18_56_28_438.jpg, 0, 1, 0, 30.19035
C:\Users\Shreyas Rawat\Downloads\simulator-windows-64\IMG\center_2024_02_20_18_56_28_542.jpg, C:\Users\Shreyas Rawat\Downloads\simulator-windows-64\IMG\left_2024_02_20_18_56_28_542.jpg, C:\Users\Shreyas Rawat\Downloads\simulator-windows-64\IMG\right_2024_02_20_18_56_28_542.jpg, -0.2423109, 1, 0, 30.17626
C:\Users\Shreyas Rawat\Downloads\simulator-windows-64\IMG\center_2024_02_20_18_56_28_647.jpg, C:\Users\Shreyas Rawat\Downloads\simulator-windows-64\IMG\left_2024_02_20_18_56_28_647.jpg, C:\Users\Shreyas Rawat\Downloads\simulator-windows-64\IMG\right_2024_02_20_18_56_28_647.jpg, -0.2231778, 1, 0, 30.18769
C:\Users\Shreyas Rawat\Downloads\simulator-windows-64\IMG\center_2024_02_20_18_56_28_755.jpg, C:\Users\Shreyas Rawat\Downloads\simulator-windows-64\IMG\left_2024_02_20_18_56_28_755.jpg, C:\Users\Shreyas Rawat\Downloads\simulator-windows-64\IMG\right_2024_02_20_18_56_28_755.jpg, 0, 1, 0, 30.18975
C:\Users\Shreyas Rawat\Downloads\simulator-windows-64\IMG\center_2024_02_20_18_56_28_863.jpg, C:\Users\Shreyas Rawat\Downloads\simulator-windows-64\IMG\left_2024_02_20_18_56_28_863.jpg, C:\Users\Shreyas Rawat\Downloads\simulator-windows-64\IMG\right_2024_02_20_18_56_28_863.jpg, 0, 1, 0, 30.1903
C:\Users\Shreyas Rawat\Downloads\simulator-windows-64\IMG\center_2024_02_20_18_56_28_964.jpg, C:\Users\Shreyas Rawat\Downloads\simulator-windows-64\IMG\left_2024_02_20_18_56_28_964.jpg, C:\Users\Shreyas Rawat\Downloads\simulator-windows-64\IMG\right_2024_02_20_18_56_28_964.jpg, -0.2314962, 1, 0, 30.1777
C:\Users\Shreyas Rawat\Downloads\simulator-windows-64\IMG\center_2024_02_20_18_56_29_073.jpg, C:\Users\Shreyas Rawat\Downloads\simulator-windows-64\IMG\left_2024_02_20_18_56_29_073.jpg, C:\Users\Shreyas Rawat\Downloads\simulator-windows-64\IMG\right_2024_02_20_18_56_29_073.jpg, -0.5279133, 1, 0, 30.13905
C:\Users\Shreyas Rawat\Downloads\simulator-windows-64\IMG\center_2024_02_20_18_56_29_174.jpg, C:\Users\Shreyas Rawat\Downloads\simulator-windows-64\IMG\left_2024_02_20_18_56_29_174.jpg, C:\Users\Shreyas Rawat\Downloads\simulator-windows-64\IMG\right_2024_02_20_18_56_29_174.jpg, -0.2940328, 1, 0, 30.19094
C:\Users\Shreyas Rawat\Downloads\simulator-windows-64\IMG\center_2024_02_20_18_56_29_283.jpg, C:\Users\Shreyas Rawat\Downloads\simulator-windows-64\IMG\left_2024_02_20_18_56_29_283.jpg, C:\Users\Shreyas Rawat\Downloads\simulator-windows-64\IMG\right_2024_02_20_18_56_29_283.jpg, 0, 1, 0, 30.18401
C:\Users\Shreyas Rawat\Downloads\simulator-windows-64\IMG\center_2024_02_20_18_56_29_394.jpg, C:\Users\Shreyas Rawat\Downloads\simulator-windows-64\IMG\left_2024_02_20_18_56_29_394.jpg, C:\Users\Shreyas Rawat\Downloads\simulator-windows-64\IMG\right_2024_02_20_18_56_29_394.jpg, 0, 1, 0, 30.18846
C:\Users\Shreyas Rawat\Downloads\simulator-windows-64\IMG\center_2024_02_20_18_56_29_497.jpg, C:\Users\Shreyas Rawat\Downloads\simulator-windows-64\IMG\left_2024_02_20_18_56_29_497.jpg, C:\Users\Shreyas Rawat\Downloads\simulator-windows-64\IMG\right_2024_02_20_18_56_29_497.jpg, -0.239679, 1, 0, 30.17743
C:\Users\Shreyas Rawat\Downloads\simulator-windows-64\IMG\center_2024_02_20_18_56_29_600.jpg, C:\Users\Shreyas Rawat\Downloads\simulator-windows-64\IMG\left_2024_02_20_18_56_29_600.jpg, C:\Users\Shreyas Rawat\Downloads\simulator-windows-64\IMG\right_2024_02_20_18_56_29_600.jpg, -0.5494251, 1, 0, 30.136
C:\Users\Shreyas Rawat\Downloads\simulator-windows-64\IMG\center_2024_02_20_18_56_29_702.jpg, C:\Users\Shreyas Rawat\Downloads\simulator-windows-64\IMG\left_2024_02_20_18_56_29_702.jpg, C:\Users\Shreyas Rawat\Downloads\simulator-windows-64\IMG\right_2024_02_20_18_56_29_702.jpg, -0.855108, 1, 0, 30.10273
C:\Users\Shreyas Rawat\Downloads\simulator-windows-64\IMG\center_2024_02_20_18_56_29_807.jpg, C:\Users\Shreyas Rawat\Downloads\simulator-windows-64\IMG\left_2024_02_20_18_56_29_807.jpg, C:\Users\Shreyas Rawat\Downloads\simulator-windows-64\IMG\right_2024_02_20_18_56_29_807.jpg, -0.7513683, 1, 0, 30.15288
C:\Users\Shreyas Rawat\Downloads\simulator-windows-64\IMG\center_2024_02_20_18_56_29_918.jpg, C:\Users\Shreyas Rawat\Downloads\simulator-windows-64\IMG\left_2024_02_20_18_56_29_918.jpg, C:\Users\Shreyas Rawat\Downloads\simulator-windows-64\IMG\right_2024_02_20_18_56_29_918.jpg, -0.4167819, 1, 0, 30.20138
C:\Users\Shreyas Rawat\Downloads\simulator-windows-64\IMG\center_2024_02_20_18_56_30_028.jpg, C:\Users\Shreyas Rawat\Downloads\simulator-windows-64\IMG\left_2024_02_20_18_56_30_028.jpg, C:\Users\Shreyas Rawat\Downloads\simulator-windows-64\IMG\right_2024_02_20_18_56_30_028.jpg, -0.08611554, 1, 0, 30.19292
C:\Users\Shreyas Rawat\Downloads\simulator-windows-64\IMG\center_2024_02_20_18_56_30_137.jpg, C:\Users\Shreyas Rawat\Downloads\simulator-windows-64\IMG\left_2024_02_20_18_56_30_137.jpg, C:\Users\Shreyas Rawat\Downloads\simulator-windows-64\IMG\right_2024_02_20_18_56_30_137.jpg, 0, 1, 0, 30.1884
C:\Users\Shreyas Rawat\Downloads\simulator-windows-64\IMG\center_2024_02_20_18_56_30_241.jpg, C:\Users\Shreyas Rawat\Downloads\simulator-windows-64\IMG\left_2024_02_20_18_56_30_241.jpg, C:\Users\Shreyas Rawat\Downloads\simulator-windows-64\IMG\right_2024_02_20_18_56_30_241.jpg, 0, 1, 0, 30.19085
C:\Users\Shreyas Rawat\Downloads\simulator-windows-64\IMG\center_2024_02_20_18_56_30_351.jpg, C:\Users\Shreyas Rawat\Downloads\simulator-windows-64\IMG\left_2024_02_20_18_56_30_351.jpg, C:\Users\Shreyas Rawat\Downloads\simulator-windows-64\IMG\right_2024_02_20_18_56_30_351.jpg, 0.0646437, 1, 0, 30.18827
C:\Users\Shreyas Rawat\Downloads\simulator-windows-64\IMG\center_2024_02_20_18_56_30_459.jpg, C:\Users\Shreyas Rawat\Downloads\simulator-windows-64\IMG\left_2024_02_20_18_56_30_459.jpg, C:\Users\Shreyas Rawat\Downloads\simulator-windows-64\IMG\right_2024_02_20_18_56_30_459.jpg, 0.3519, 1, 0, 30.16348
C:\Users\Shreyas Rawat\Downloads\simulator-windows-64\IMG\center_2024_02_20_18_56_30_560.jpg, C:\Users\Shreyas Rawat\Downloads\simulator-windows-64\IMG\left_2024_02_20_18_56_30_560.jpg, C:\Users\Shreyas Rawat\Downloads\simulator-windows-64\IMG\right_2024_02_20_18_56_30_560.jpg, 0.0504339, 1, 0, 30.19047
C:\Users\Shreyas Rawat\Downloads\simulator-windows-64\IMG\center_2024_02_20_18_56_30_673.jpg, C:\Users\Shreyas Rawat\Downloads\simulator-windows-64\IMG\left_2024_02_20_18_56_30_673.jpg, C:\Users\Shreyas Rawat\Downloads\simulator-windows-64\IMG\right_2024_02_20_18_56_30_673.jpg, 0, 1, 0, 30.19035
C:\Users\Shreyas Rawat\Downloads\simulator-windows-64\IMG\center_2024_02_20_18_56_30_782.jpg, C:\Users\Shreyas Rawat\Downloads\simulator-windows-64\IMG\left_2024_02_20_18_56_30_782.jpg, C:\Users\Shreyas Rawat\Downloads\simulator-windows-64\IMG\right_2024_02_20_18_56_30_782.jpg, -0.3684738, 1, 0, 30.15409
C:\Users\Shreyas Rawat\Downloads\simulator-windows-64\IMG\center_2024_02_20_18_56_30_896.jpg, C:\Users\Shreyas Rawat\Downloads\simulator-windows-64\IMG\left_2024_02_20_18_56_30_896.jpg, C:\Users\Shreyas Rawat\Downloads\simulator-windows-64\IMG\right_2024_02_20_18_56_30_896.jpg, -0.356988, 1, 0, 30.18063
C:\Users\Shreyas Rawat\Downloads\simulator-windows-64\IMG\center_2024_02_20_18_56_31_008.jpg, C:\Users\Shreyas Rawat\Downloads\simulator-windows-64\IMG\left_2024_02_20_18_56_31_008.jpg, C:\Users\Shreyas Rawat\Downloads\simulator-windows-64\IMG\right_2024_02_20_18_56_31_008.jpg, -0.02431469, 1, 0, 30.19009
C:\Users\Shreyas Rawat\Downloads\simulator-windows-64\IMG\center_2024_02_20_18_56_31_116.jpg, C:\Users\Shreyas Rawat\Downloads\simulator-windows-64\IMG\left_2024_02_20_18_56_31_116.jpg, C:\Users\Shreyas Rawat\Downloads\simulator-windows-64\IMG\right_2024_02_20_18_56_31_116.jpg, 0, 1, 0, 30.18961
C:\Users\Shreyas Rawat\Downloads\simulator-windows-64\IMG\center_2024_02_20_18_56_31_219.jpg, C:\Users\Shreyas Rawat\Downloads\simulator-windows-64\IMG\left_2024_02_20_18_56_31_219.jpg, C:\Users\Shreyas Rawat\Downloads\simulator-windows-64\IMG\right_2024_02_20_18_56_31_219.jpg, -0.3089964, 1, 0, 30.17054
C:\Users\Shreyas Rawat\Downloads\simulator-windows-64\IMG\center_2024_02_20_18_56_31_331.jpg, C:\Users\Shreyas Rawat\Downloads\simulator-windows-64\IMG\left_2024_02_20_18_56_31_331.jpg, C:\Users\Shreyas Rawat\Downloads\simulator-windows-64\IMG\right_2024_02_20_18_56_31_331.jpg, -0.01006289, 1, 0, 30.18959
C:\Users\Shreyas Rawat\Downloads\simulator-windows-64\IMG\center_2024_02_20_18_56_31_431.jpg, C:\Users\Shreyas Rawat\Downloads\simulator-windows-64\IMG\left_2024_02_20_18_56_31_431.jpg, C:\Users\Shreyas Rawat\Downloads\simulator-windows-64\IMG\right_2024_02_20_18_56_31_431.jpg, 0, 1, 0, 30.1905
C:\Users\Shreyas Rawat\Downloads\simulator-windows-64\IMG\center_2024_02_20_18_56_31_539.jpg, C:\Users\Shreyas Rawat\Downloads\simulator-windows-64\IMG\left_2024_02_20_18_56_31_539.jpg, C:\Users\Shreyas Rawat\Downloads\simulator-windows-64\IMG\right_2024_02_20_18_56_31_539.jpg, 0, 1, 0, 30.19015
C:\Users\Shreyas Rawat\Downloads\simulator-windows-64\IMG\center_2024_02_20_18_56_31_645.jpg, C:\Users\Shreyas Rawat\Downloads\simulator-windows-64\IMG\left_2024_02_20_18_56_31_645.jpg, C:\Users\Shreyas Rawat\Downloads\simulator-windows-64\IMG\right_2024_02_20_18_56_31_645.jpg, -0.3172956, 1, 0, 30.16508
C:\Users\Shreyas Rawat\Downloads\simulator-windows-64\IMG\center_2024_02_20_18_56_31_756.jpg, C:\Users\Shreyas Rawat\Downloads\simulator-windows-64\IMG\left_2024_02_20_18_56_31_756.jpg, C:\Users\Shreyas Rawat\Downloads\simulator-windows-64\IMG\right_2024_02_20_18_56_31_756.jpg, -0.4748802, 1, 0, 30.16342
C:\Users\Shreyas Rawat\Downloads\simulator-windows-64\IMG\center_2024_02_20_18_56_31_858.jpg, C:\Users\Shreyas Rawat\Downloads\simulator-windows-64\IMG\left_2024_02_20_18_56_31_858.jpg, C:\Users\Shreyas Rawat\Downloads\simulator-windows-64\IMG\right_2024_02_20_18_56_31_858.jpg, -0.1661808, 1, 0, 30.1938
C:\Users\Shreyas Rawat\Downloads\simulator-windows-64\IMG\center_2024_02_20_18_56_31_966.jpg, C:\Users\Shreyas Rawat\Downloads\simulator-windows-64\IMG\left_2024_02_20_18_56_31_966.jpg, C:\Users\Shreyas Rawat\Downloads\simulator-windows-64\IMG\right_2024_02_20_18_56_31_966.jpg, 0, 1, 0, 30.18828
C:\Users\Shreyas Rawat\Downloads\simulator-windows-64\IMG\center_2024_02_20_18_56_32_078.jpg, C:\Users\Shreyas Rawat\Downloads\simulator-windows-64\IMG\left_2024_02_20_18_56_32_078.jpg, C:\Users\Shreyas Rawat\Downloads\simulator-windows-64\IMG\right_2024_02_20_18_56_32_078.jpg, 0, 1, 0, 30.19023
C:\Users\Shreyas Rawat\Downloads\simulator-windows-64\IMG\center_2024_02_20_18_56_32_183.jpg, C:\Users\Shreyas Rawat\Downloads\simulator-windows-64\IMG\left_2024_02_20_18_56_32_183.jpg, C:\Users\Shreyas Rawat\Downloads\simulator-windows-64\IMG\right_2024_02_20_18_56_32_183.jpg, -0.0479112, 1, 0, 30.18999
C:\Users\Shreyas Rawat\Downloads\simulator-windows-64\IMG\center_2024_02_20_18_56_32_287.jpg, C:\Users\Shreyas Rawat\Downloads\simulator-windows-64\IMG\left_2024_02_20_18_56_32_287.jpg, C:\Users\Shreyas Rawat\Downloads\simulator-windows-64\IMG\right_2024_02_20_18_56_32_287.jpg, 0, 1, 0, 30.19009
C:\Users\Shreyas Rawat\Downloads\simulator-windows-64\IMG\center_2024_02_20_18_56_32_400.jpg, C:\Users\Shreyas Rawat\Downloads\simulator-windows-64\IMG\left_2024_02_20_18_56_32_400.jpg, C:\Users\Shreyas Rawat\Downloads\simulator-windows-64\IMG\right_2024_02_20_18_56_32_400.jpg, 0, 1, 0, 30.19027
C:\Users\Shreyas Rawat\Downloads\simulator-windows-64\IMG\center_2024_02_20_18_56_32_507.jpg, C:\Users\Shreyas Rawat\Downloads\simulator-windows-64\IMG\left_2024_02_20_18_56_32_507.jpg, C:\Users\Shreyas Rawat\Downloads\simulator-windows-64\IMG\right_2024_02_20_18_56_32_507.jpg, 0, 1, 0, 30.19017
C:\Users\Shreyas Rawat\Downloads\simulator-windows-64\IMG\center_2024_02_20_18_56_32_613.jpg, C:\Users\Shreyas Rawat\Downloads\simulator-windows-64\IMG\left_2024_02_20_18_56_32_613.jpg, C:\Users\Shreyas Rawat\Downloads\simulator-windows-64\IMG\right_2024_02_20_18_56_32_613.jpg, 0, 1, 0, 30.19031
C:\Users\Shreyas Rawat\Downloads\simulator-windows-64\IMG\center_2024_02_20_18_56_32_717.jpg, C:\Users\Shreyas Rawat\Downloads\simulator-windows-64\IMG\left_2024_02_20_18_56_32_717.jpg, C:\Users\Shreyas Rawat\Downloads\simulator-windows-64\IMG\right_2024_02_20_18_56_32_717.jpg, -0.1240059, 1, 0, 30.18952
C:\Users\Shreyas Rawat\Downloads\simulator-windows-64\IMG\center_2024_02_20_18_56_32_823.jpg, C:\Users\Shreyas Rawat\Downloads\simulator-windows-64\IMG\left_2024_02_20_18_56_32_823.jpg, C:\Users\Shreyas Rawat\Downloads\simulator-windows-64\IMG\right_2024_02_20_18_56_32_823.jpg, 0, 1, 0, 30.19
C:\Users\Shreyas Rawat\Downloads\simulator-windows-64\IMG\center_2024_02_20_18_56_32_926.jpg, C:\Users\Shreyas Rawat\Downloads\simulator-windows-64\IMG\left_2024_02_20_18_56_32_926.jpg, C:\Users\Shreyas Rawat\Downloads\simulator-windows-64\IMG\right_2024_02_20_18_56_32_926.jpg, 0, 1, 0, 30.19025
C:\Users\Shreyas Rawat\Downloads\simulator-windows-64\IMG\center_2024_02_20_18_56_33_026.jpg, C:\Users\Shreyas Rawat\Downloads\simulator-windows-64\IMG\left_2024_02_20_18_56_33_026.jpg, C:\Users\Shreyas Rawat\Downloads\simulator-windows-64\IMG\right_2024_02_20_18_56_33_026.jpg, -0.0905574, 1, 0, 30.18858
C:\Users\Shreyas Rawat\Downloads\simulator-windows-64\IMG\center_2024_02_20_18_56_33_129.jpg, C:\Users\Shreyas Rawat\Downloads\simulator-windows-64\IMG\left_2024_02_20_18_56_33_129.jpg, C:\Users\Shreyas Rawat\Downloads\simulator-windows-64\IMG\right_2024_02_20_18_56_33_129.jpg, -0.3093279, 1, 0, 30.17028
C:\Users\Shreyas Rawat\Downloads\simulator-windows-64\IMG\center_2024_02_20_18_56_33_231.jpg, C:\Users\Shreyas Rawat\Downloads\simulator-windows-64\IMG\left_2024_02_20_18_56_33_231.jpg, C:\Users\Shreyas Rawat\Downloads\simulator-windows-64\IMG\right_2024_02_20_18_56_33_231.jpg, -0.039843, 1, 0, 30.19036
C:\Users\Shreyas Rawat\Downloads\simulator-windows-64\IMG\center_2024_02_20_18_56_33_339.jpg, C:\Users\Shreyas Rawat\Downloads\simulator-windows-64\IMG\left_2024_02_20_18_56_33_339.jpg, C:\Users\Shreyas Rawat\Downloads\simulator-windows-64\IMG\right_2024_02_20_18_56_33_339.jpg, 0, 1, 0, 30.19004
C:\Users\Shreyas Rawat\Downloads\simulator-windows-64\IMG\center_2024_02_20_18_56_33_445.jpg, C:\Users\Shreyas Rawat\Downloads\simulator-windows-64\IMG\left_2024_02_20_18_56_33_445.jpg, C:\Users\Shreyas Rawat\Downloads\simulator-windows-64\IMG\right_2024_02_20_18_56_33_445.jpg, 0, 1, 0, 30.19024
C:\Users\Shreyas Rawat\Downloads\simulator-windows-64\IMG\center_2024_02_20_18_56_33_549.jpg, C:\Users\Shreyas Rawat\Downloads\simulator-windows-64\IMG\left_2024_02_20_18_56_33_549.jpg, C:\Users\Shreyas Rawat\Downloads\simulator-windows-64\IMG\right_2024_02_20_18_56_33_549.jpg, 0, 1, 0, 30.19029
C:\Users\Shreyas Rawat\Downloads\simulator-windows-64\IMG\center_2024_02_20_18_56_33_655.jpg, C:\Users\Shreyas Rawat\Downloads\simulator-windows-64\IMG\left_2024_02_20_18_56_33_655.jpg, C:\Users\Shreyas Rawat\Downloads\simulator-windows-64\IMG\right_2024_02_20_18_56_33_655.jpg, 0, 1, 0, 30.19033
C:\Users\Shreyas Rawat\Downloads\simulator-windows-64\IMG\center_2024_02_20_18_56_33_770.jpg, C:\Users\Shreyas Rawat\Downloads\simulator-windows-64\IMG\left_2024_02_20_18_56_33_770.jpg, C:\Users\Shreyas Rawat\Downloads\simulator-windows-64\IMG\right_2024_02_20_18_56_33_770.jpg, 0, 1, 0, 30.19032
C:\Users\Shreyas Rawat\Downloads\simulator-windows-64\IMG\center_2024_02_20_18_56_33_871.jpg, C:\Users\Shreyas Rawat\Downloads\simulator-windows-64\IMG\left_2024_02_20_18_56_33_871.jpg, C:\Users\Shreyas Rawat\Downloads\simulator-windows-64\IMG\right_2024_02_20_18_56_33_871.jpg, 0, 1, 0, 30.19031
C:\Users\Shreyas Rawat\Downloads\simulator-windows-64\IMG\center_2024_02_20_18_56_33_972.jpg, C:\Users\Shreyas Rawat\Downloads\simulator-windows-64\IMG\left_2024_02_20_18_56_33_972.jpg, C:\Users\Shreyas Rawat\Downloads\simulator-windows-64\IMG\right_2024_02_20_18_56_33_972.jpg, 0, 1, 0, 30.19035
C:\Users\Shreyas Rawat\Downloads\simulator-windows-64\IMG\center_2024_02_20_18_56_34_083.jpg, C:\Users\Shreyas Rawat\Downloads\simulator-windows-64\IMG\left_2024_02_20_18_56_34_083.jpg, C:\Users\Shreyas Rawat\Downloads\simulator-windows-64\IMG\right_2024_02_20_18_56_34_083.jpg, 0.0931206, 1, 0, 30.18801
C:\Users\Shreyas Rawat\Downloads\simulator-windows-64\IMG\center_2024_02_20_18_56_34_186.jpg, C:\Users\Shreyas Rawat\Downloads\simulator-windows-64\IMG\left_2024_02_20_18_56_34_186.jpg, C:\Users\Shreyas Rawat\Downloads\simulator-windows-64\IMG\right_2024_02_20_18_56_34_186.jpg, 0.0589434, 1, 0, 30.19009
C:\Users\Shreyas Rawat\Downloads\simulator-windows-64\IMG\center_2024_02_20_18_56_34_299.jpg, C:\Users\Shreyas Rawat\Downloads\simulator-windows-64\IMG\left_2024_02_20_18_56_34_299.jpg, C:\Users\Shreyas Rawat\Downloads\simulator-windows-64\IMG\right_2024_02_20_18_56_34_299.jpg, 0, 1, 0, 30.19014
C:\Users\Shreyas Rawat\Downloads\simulator-windows-64\IMG\center_2024_02_20_18_56_34_402.jpg, C:\Users\Shreyas Rawat\Downloads\simulator-windows-64\IMG\left_2024_02_20_18_56_34_402.jpg, C:\Users\Shreyas Rawat\Downloads\simulator-windows-64\IMG\right_2024_02_20_18_56_34_402.jpg, 0, 1, 0, 30.19026
C:\Users\Shreyas Rawat\Downloads\simulator-windows-64\IMG\center_2024_02_20_18_56_34_513.jpg, C:\Users\Shreyas Rawat\Downloads\simulator-windows-64\IMG\left_2024_02_20_18_56_34_513.jpg, C:\Users\Shreyas Rawat\Downloads\simulator-windows-64\IMG\right_2024_02_20_18_56_34_513.jpg, 0, 1, 0, 30.19031
C:\Users\Shreyas Rawat\Downloads\simulator-windows-64\IMG\center_2024_02_20_18_56_34_614.jpg, C:\Users\Shreyas Rawat\Downloads\simulator-windows-64\IMG\left_2024_02_20_18_56_34_614.jpg, C:\Users\Shreyas Rawat\Downloads\simulator-windows-64\IMG\right_2024_02_20_18_56_34_614.jpg, 0, 1, 0, 30.19029
C:\Users\Shreyas Rawat\Downloads\simulator-windows-64\IMG\center_2024_02_20_18_56_34_714.jpg, C:\Users\Shreyas Rawat\Downloads\simulator-windows-64\IMG\left_2024_02_20_18_56_34_714.jpg, C:\Users\Shreyas Rawat\Downloads\simulator-windows-64\IMG\right_2024_02_20_18_56_34_714.jpg, 0, 1, 0, 30.19032
C:\Users\Shreyas Rawat\Downloads\simulator-windows-64\IMG\center_2024_02_20_18_56_34_825.jpg, C:\Users\Shreyas Rawat\Downloads\simulator-windows-64\IMG\left_2024_02_20_18_56_34_825.jpg, C:\Users\Shreyas Rawat\Downloads\simulator-windows-64\IMG\right_2024_02_20_18_56_34_825.jpg, 0, 1, 0, 30.19028
C:\Users\Shreyas Rawat\Downloads\simulator-windows-64\IMG\center_2024_02_20_18_56_34_932.jpg, C:\Users\Shreyas Rawat\Downloads\simulator-windows-64\IMG\left_2024_02_20_18_56_34_932.jpg, C:\Users\Shreyas Rawat\Downloads\simulator-windows-64\IMG\right_2024_02_20_18_56_34_932.jpg, 0, 1, 0, 30.1903
C:\Users\Shreyas Rawat\Downloads\simulator-windows-64\IMG\center_2024_02_20_18_56_35_044.jpg, C:\Users\Shreyas Rawat\Downloads\simulator-windows-64\IMG\left_2024_02_20_18_56_35_044.jpg, C:\Users\Shreyas Rawat\Downloads\simulator-windows-64\IMG\right_2024_02_20_18_56_35_044.jpg, 0, 1, 0, 30.19029
C:\Users\Shreyas Rawat\Downloads\simulator-windows-64\IMG\center_2024_02_20_18_56_35_153.jpg, C:\Users\Shreyas Rawat\Downloads\simulator-windows-64\IMG\left_2024_02_20_18_56_35_153.jpg, C:\Users\Shreyas Rawat\Downloads\simulator-windows-64\IMG\right_2024_02_20_18_56_35_153.jpg, 0, 1, 0, 30.19031
C:\Users\Shreyas Rawat\Downloads\simulator-windows-64\IMG\center_2024_02_20_18_56_35_256.jpg, C:\Users\Shreyas Rawat\Downloads\simulator-windows-64\IMG\left_2024_02_20_18_56_35_256.jpg, C:\Users\Shreyas Rawat\Downloads\simulator-windows-64\IMG\right_2024_02_20_18_56_35_256.jpg, 0, 1, 0, 30.19029
C:\Users\Shreyas Rawat\Downloads\simulator-windows-64\IMG\center_2024_02_20_18_56_35_363.jpg, C:\Users\Shreyas Rawat\Downloads\simulator-windows-64\IMG\left_2024_02_20_18_56_35_363.jpg, C:\Users\Shreyas Rawat\Downloads\simulator-windows-64\IMG\right_2024_02_20_18_56_35_363.jpg, 0, 1, 0, 30.19032
C:\Users\Shreyas Rawat\Downloads\simulator-windows-64\IMG\center_2024_02_20_18_56_35_464.jpg, C:\Users\Shreyas Rawat\Downloads\simulator-windows-64\IMG\left_2024_02_20_18_56_35_464.jpg, C:\Users\Shreyas Rawat\Downloads\simulator-windows-64\IMG\right_2024_02_20_18_56_35_464.jpg, 0, 1, 0, 30.19031
C:\Users\Shreyas Rawat\Downloads\simulator-windows-64\IMG\center_2024_02_20_18_56_35_565.jpg, C:\Users\Shreyas Rawat\Downloads\simulator-windows-64\IMG\left_2024_02_20_18_56_35_565.jpg, C:\Users\Shreyas Rawat\Downloads\simulator-windows-64\IMG\right_2024_02_20_18_56_35_565.jpg, 0, 1, 0, 30.1903
C:\Users\Shreyas Rawat\Downloads\simulator-windows-64\IMG\center_2024_02_20_18_56_35_676.jpg, C:\Users\Shreyas Rawat\Downloads\simulator-windows-64\IMG\left_2024_02_20_18_56_35_676.jpg, C:\Users\Shreyas Rawat\Downloads\simulator-windows-64\IMG\right_2024_02_20_18_56_35_676.jpg, 0, 1, 0, 30.1903
C:\Users\Shreyas Rawat\Downloads\simulator-windows-64\IMG\center_2024_02_20_18_56_35_789.jpg, C:\Users\Shreyas Rawat\Downloads\simulator-windows-64\IMG\left_2024_02_20_18_56_35_789.jpg, C:\Users\Shreyas Rawat\Downloads\simulator-windows-64\IMG\right_2024_02_20_18_56_35_789.jpg, 0, 1, 0, 30.19031
C:\Users\Shreyas Rawat\Downloads\simulator-windows-64\IMG\center_2024_02_20_18_56_35_894.jpg, C:\Users\Shreyas Rawat\Downloads\simulator-windows-64\IMG\left_2024_02_20_18_56_35_894.jpg, C:\Users\Shreyas Rawat\Downloads\simulator-windows-64\IMG\right_2024_02_20_18_56_35_894.jpg, 0, 1, 0, 30.19031
C:\Users\Shreyas Rawat\Downloads\simulator-windows-64\IMG\center_2024_02_20_18_56_36_003.jpg, C:\Users\Shreyas Rawat\Downloads\simulator-windows-64\IMG\left_2024_02_20_18_56_36_003.jpg, C:\Users\Shreyas Rawat\Downloads\simulator-windows-64\IMG\right_2024_02_20_18_56_36_003.jpg, 0, 1, 0, 30.1903
C:\Users\Shreyas Rawat\Downloads\simulator-windows-64\IMG\center_2024_02_20_18_56_36_107.jpg, C:\Users\Shreyas Rawat\Downloads\simulator-windows-64\IMG\left_2024_02_20_18_56_36_107.jpg, C:\Users\Shreyas Rawat\Downloads\simulator-windows-64\IMG\right_2024_02_20_18_56_36_107.jpg, 0, 1, 0, 30.19029
C:\Users\Shreyas Rawat\Downloads\simulator-windows-64\IMG\center_2024_02_20_18_56_36_214.jpg, C:\Users\Shreyas Rawat\Downloads\simulator-windows-64\IMG\left_2024_02_20_18_56_36_214.jpg, C:\Users\Shreyas Rawat\Downloads\simulator-windows-64\IMG\right_2024_02_20_18_56_36_214.jpg, 0, 1, 0, 30.19031
C:\Users\Shreyas Rawat\Downloads\simulator-windows-64\IMG\center_2024_02_20_18_56_36_324.jpg, C:\Users\Shreyas Rawat\Downloads\simulator-windows-64\IMG\left_2024_02_20_18_56_36_324.jpg, C:\Users\Shreyas Rawat\Downloads\simulator-windows-64\IMG\right_2024_02_20_18_56_36_324.jpg, 0, 1, 0, 30.19031
C:\Users\Shreyas Rawat\Downloads\simulator-windows-64\IMG\center_2024_02_20_18_56_36_429.jpg, C:\Users\Shreyas Rawat\Downloads\simulator-windows-64\IMG\left_2024_02_20_18_56_36_429.jpg, C:\Users\Shreyas Rawat\Downloads\simulator-windows-64\IMG\right_2024_02_20_18_56_36_429.jpg, 0, 1, 0, 30.1903
C:\Users\Shreyas Rawat\Downloads\simulator-windows-64\IMG\center_2024_02_20_18_56_36_531.jpg, C:\Users\Shreyas Rawat\Downloads\simulator-windows-64\IMG\left_2024_02_20_18_56_36_531.jpg, C:\Users\Shreyas Rawat\Downloads\simulator-windows-64\IMG\right_2024_02_20_18_56_36_531.jpg, 0, 1, 0, 30.19033
C:\Users\Shreyas Rawat\Downloads\simulator-windows-64\IMG\center_2024_02_20_18_56_36_637.jpg, C:\Users\Shreyas Rawat\Downloads\simulator-windows-64\IMG\left_2024_02_20_18_56_36_637.jpg, C:\Users\Shreyas Rawat\Downloads\simulator-windows-64\IMG\right_2024_02_20_18_56_36_637.jpg, 0, 1, 0, 30.19009
C:\Users\Shreyas Rawat\Downloads\simulator-windows-64\IMG\center_2024_02_20_18_56_36_744.jpg, C:\Users\Shreyas Rawat\Downloads\simulator-windows-64\IMG\left_2024_02_20_18_56_36_744.jpg, C:\Users\Shreyas Rawat\Downloads\simulator-windows-64\IMG\right_2024_02_20_18_56_36_744.jpg, 0, 1, 0, 30.19087
C:\Users\Shreyas Rawat\Downloads\simulator-windows-64\IMG\center_2024_02_20_18_56_36_851.jpg, C:\Users\Shreyas Rawat\Downloads\simulator-windows-64\IMG\left_2024_02_20_18_56_36_851.jpg, C:\Users\Shreyas Rawat\Downloads\simulator-windows-64\IMG\right_2024_02_20_18_56_36_851.jpg, 0, 1, 0, 30.19007
C:\Users\Shreyas Rawat\Downloads\simulator-windows-64\IMG\center_2024_02_20_18_56_36_954.jpg, C:\Users\Shreyas Rawat\Downloads\simulator-windows-64\IMG\left_2024_02_20_18_56_36_954.jpg, C:\Users\Shreyas Rawat\Downloads\simulator-windows-64\IMG\right_2024_02_20_18_56_36_954.jpg, 0.0311463, 1, 0, 30.18985
C:\Users\Shreyas Rawat\Downloads\simulator-windows-64\IMG\center_2024_02_20_18_56_37_067.jpg, C:\Users\Shreyas Rawat\Downloads\simulator-windows-64\IMG\left_2024_02_20_18_56_37_067.jpg, C:\Users\Shreyas Rawat\Downloads\simulator-windows-64\IMG\right_2024_02_20_18_56_37_067.jpg, 0.2334816, 1, 0, 30.1772
C:\Users\Shreyas Rawat\Downloads\simulator-windows-64\IMG\center_2024_02_20_18_56_37_177.jpg, C:\Users\Shreyas Rawat\Downloads\simulator-windows-64\IMG\left_2024_02_20_18_56_37_177.jpg, C:\Users\Shreyas Rawat\Downloads\simulator-windows-64\IMG\right_2024_02_20_18_56_37_177.jpg, 0, 1, 0, 30.18915
C:\Users\Shreyas Rawat\Downloads\simulator-windows-64\IMG\center_2024_02_20_18_56_37_286.jpg, C:\Users\Shreyas Rawat\Downloads\simulator-windows-64\IMG\left_2024_02_20_18_56_37_286.jpg, C:\Users\Shreyas Rawat\Downloads\simulator-windows-64\IMG\right_2024_02_20_18_56_37_286.jpg, 0, 1, 0, 30.18925
C:\Users\Shreyas Rawat\Downloads\simulator-windows-64\IMG\center_2024_02_20_18_56_37_390.jpg, C:\Users\Shreyas Rawat\Downloads\simulator-windows-64\IMG\left_2024_02_20_18_56_37_390.jpg, C:\Users\Shreyas Rawat\Downloads\simulator-windows-64\IMG\right_2024_02_20_18_56_37_390.jpg, 0, 1, 0, 30.19006
C:\Users\Shreyas Rawat\Downloads\simulator-windows-64\IMG\center_2024_02_20_18_56_37_493.jpg, C:\Users\Shreyas Rawat\Downloads\simulator-windows-64\IMG\left_2024_02_20_18_56_37_493.jpg, C:\Users\Shreyas Rawat\Downloads\simulator-windows-64\IMG\right_2024_02_20_18_56_37_493.jpg, 0, 1, 0, 30.18946
C:\Users\Shreyas Rawat\Downloads\simulator-windows-64\IMG\center_2024_02_20_18_56_37_596.jpg, C:\Users\Shreyas Rawat\Downloads\simulator-windows-64\IMG\left_2024_02_20_18_56_37_596.jpg, C:\Users\Shreyas Rawat\Downloads\simulator-windows-64\IMG\right_2024_02_20_18_56_37_596.jpg, 0, 1, 0, 30.19012
C:\Users\Shreyas Rawat\Downloads\simulator-windows-64\IMG\center_2024_02_20_18_56_37_699.jpg, C:\Users\Shreyas Rawat\Downloads\simulator-windows-64\IMG\left_2024_02_20_18_56_37_699.jpg, C:\Users\Shreyas Rawat\Downloads\simulator-windows-64\IMG\right_2024_02_20_18_56_37_699.jpg, 0, 1, 0, 30.19007
C:\Users\Shreyas Rawat\Downloads\simulator-windows-64\IMG\center_2024_02_20_18_56_37_801.jpg, C:\Users\Shreyas Rawat\Downloads\simulator-windows-64\IMG\left_2024_02_20_18_56_37_801.jpg, C:\Users\Shreyas Rawat\Downloads\simulator-windows-64\IMG\right_2024_02_20_18_56_37_801.jpg, 0.0252756, 1, 0, 30.18894
C:\Users\Shreyas Rawat\Downloads\simulator-windows-64\IMG\center_2024_02_20_18_56_37_901.jpg, C:\Users\Shreyas Rawat\Downloads\simulator-windows-64\IMG\left_2024_02_20_18_56_37_901.jpg, C:\Users\Shreyas Rawat\Downloads\simulator-windows-64\IMG\right_2024_02_20_18_56_37_901.jpg, 0.3283623, 1, 0, 30.16419
C:\Users\Shreyas Rawat\Downloads\simulator-windows-64\IMG\center_2024_02_20_18_56_38_012.jpg, C:\Users\Shreyas Rawat\Downloads\simulator-windows-64\IMG\left_2024_02_20_18_56_38_012.jpg, C:\Users\Shreyas Rawat\Downloads\simulator-windows-64\IMG\right_2024_02_20_18_56_38_012.jpg, 0.1828587, 1, 0, 30.1896
C:\Users\Shreyas Rawat\Downloads\simulator-windows-64\IMG\center_2024_02_20_18_56_38_116.jpg, C:\Users\Shreyas Rawat\Downloads\simulator-windows-64\IMG\left_2024_02_20_18_56_38_116.jpg, C:\Users\Shreyas Rawat\Downloads\simulator-windows-64\IMG\right_2024_02_20_18_56_38_116.jpg, 0, 1, 0, 30.18917
C:\Users\Shreyas Rawat\Downloads\simulator-windows-64\IMG\center_2024_02_20_18_56_38_222.jpg, C:\Users\Shreyas Rawat\Downloads\simulator-windows-64\IMG\left_2024_02_20_18_56_38_222.jpg, C:\Users\Shreyas Rawat\Downloads\simulator-windows-64\IMG\right_2024_02_20_18_56_38_222.jpg, 0, 1, 0, 30.18991
C:\Users\Shreyas Rawat\Downloads\simulator-windows-64\IMG\center_2024_02_20_18_56_38_329.jpg, C:\Users\Shreyas Rawat\Downloads\simulator-windows-64\IMG\left_2024_02_20_18_56_38_329.jpg, C:\Users\Shreyas Rawat\Downloads\simulator-windows-64\IMG\right_2024_02_20_18_56_38_329.jpg, 0, 1, 0, 30.19059
C:\Users\Shreyas Rawat\Downloads\simulator-windows-64\IMG\center_2024_02_20_18_56_38_435.jpg, C:\Users\Shreyas Rawat\Downloads\simulator-windows-64\IMG\left_2024_02_20_18_56_38_435.jpg, C:\Users\Shreyas Rawat\Downloads\simulator-windows-64\IMG\right_2024_02_20_18_56_38_435.jpg, 0, 1, 0, 30.19029
C:\Users\Shreyas Rawat\Downloads\simulator-windows-64\IMG\center_2024_02_20_18_56_38_536.jpg, C:\Users\Shreyas Rawat\Downloads\simulator-windows-64\IMG\left_2024_02_20_18_56_38_536.jpg, C:\Users\Shreyas Rawat\Downloads\simulator-windows-64\IMG\right_2024_02_20_18_56_38_536.jpg, 0.1272297, 1, 0, 30.18658
C:\Users\Shreyas Rawat\Downloads\simulator-windows-64\IMG\center_2024_02_20_18_56_38_642.jpg, C:\Users\Shreyas Rawat\Downloads\simulator-windows-64\IMG\left_2024_02_20_18_56_38_642.jpg, C:\Users\Shreyas Rawat\Downloads\simulator-windows-64\IMG\right_2024_02_20_18_56_38_642.jpg, 0.3247716, 1, 0, 30.16763
C:\Users\Shreyas Rawat\Downloads\simulator-windows-64\IMG\center_2024_02_20_18_56_38_749.jpg, C:\Users\Shreyas Rawat\Downloads\simulator-windows-64\IMG\left_2024_02_20_18_56_38_749.jpg, C:\Users\Shreyas Rawat\Downloads\simulator-windows-64\IMG\right_2024_02_20_18_56_38_749.jpg, 0.009261588, 1, 0, 30.18923
C:\Users\Shreyas Rawat\Downloads\simulator-windows-64\IMG\center_2024_02_20_18_56_38_849.jpg, C:\Users\Shreyas Rawat\Downloads\simulator-windows-64\IMG\left_2024_02_20_18_56_38_849.jpg, C:\Users\Shreyas Rawat\Downloads\simulator-windows-64\IMG\right_2024_02_20_18_56_38_849.jpg, 0.1946874, 1, 0, 30.18571
C:\Users\Shreyas Rawat\Downloads\simulator-windows-64\IMG\center_2024_02_20_18_56_38_953.jpg, C:\Users\Shreyas Rawat\Downloads\simulator-windows-64\IMG\left_2024_02_20_18_56_38_953.jpg, C:\Users\Shreyas Rawat\Downloads\simulator-windows-64\IMG\right_2024_02_20_18_56_38_953.jpg, 0.3777654, 1, 0, 30.16787
C:\Users\Shreyas Rawat\Downloads\simulator-windows-64\IMG\center_2024_02_20_18_56_39_054.jpg, C:\Users\Shreyas Rawat\Downloads\simulator-windows-64\IMG\left_2024_02_20_18_56_39_054.jpg, C:\Users\Shreyas Rawat\Downloads\simulator-windows-64\IMG\right_2024_02_20_18_56_39_054.jpg, 0.1905594, 1, 0, 30.19089
C:\Users\Shreyas Rawat\Downloads\simulator-windows-64\IMG\center_2024_02_20_18_56_39_157.jpg, C:\Users\Shreyas Rawat\Downloads\simulator-windows-64\IMG\left_2024_02_20_18_56_39_157.jpg, C:\Users\Shreyas Rawat\Downloads\simulator-windows-64\IMG\right_2024_02_20_18_56_39_157.jpg, 0.5407032, 1, 0, 30.15011
C:\Users\Shreyas Rawat\Downloads\simulator-windows-64\IMG\center_2024_02_20_18_56_39_262.jpg, C:\Users\Shreyas Rawat\Downloads\simulator-windows-64\IMG\left_2024_02_20_18_56_39_262.jpg, C:\Users\Shreyas Rawat\Downloads\simulator-windows-64\IMG\right_2024_02_20_18_56_39_262.jpg, 0.8317373, 1, 0, 30.10666
C:\Users\Shreyas Rawat\Downloads\simulator-windows-64\IMG\center_2024_02_20_18_56_39_371.jpg, C:\Users\Shreyas Rawat\Downloads\simulator-windows-64\IMG\left_2024_02_20_18_56_39_371.jpg, C:\Users\Shreyas Rawat\Downloads\simulator-windows-64\IMG\right_2024_02_20_18_56_39_371.jpg, 0.6732936, 1, 0, 30.16923
C:\Users\Shreyas Rawat\Downloads\simulator-windows-64\IMG\center_2024_02_20_18_56_39_474.jpg, C:\Users\Shreyas Rawat\Downloads\simulator-windows-64\IMG\left_2024_02_20_18_56_39_474.jpg, C:\Users\Shreyas Rawat\Downloads\simulator-windows-64\IMG\right_2024_02_20_18_56_39_474.jpg, 0.3811698, 1, 0, 30.20264
C:\Users\Shreyas Rawat\Downloads\simulator-windows-64\IMG\center_2024_02_20_18_56_39_577.jpg, C:\Users\Shreyas Rawat\Downloads\simulator-windows-64\IMG\left_2024_02_20_18_56_39_577.jpg, C:\Users\Shreyas Rawat\Downloads\simulator-windows-64\IMG\right_2024_02_20_18_56_39_577.jpg, 0.02057043, 1, 0, 30.18544
C:\Users\Shreyas Rawat\Downloads\simulator-windows-64\IMG\center_2024_02_20_18_56_39_682.jpg, C:\Users\Shreyas Rawat\Downloads\simulator-windows-64\IMG\left_2024_02_20_18_56_39_682.jpg, C:\Users\Shreyas Rawat\Downloads\simulator-windows-64\IMG\right_2024_02_20_18_56_39_682.jpg, 0, 1, 0, 30.18888
C:\Users\Shreyas Rawat\Downloads\simulator-windows-64\IMG\center_2024_02_20_18_56_39_790.jpg, C:\Users\Shreyas Rawat\Downloads\simulator-windows-64\IMG\left_2024_02_20_18_56_39_790.jpg, C:\Users\Shreyas Rawat\Downloads\simulator-windows-64\IMG\right_2024_02_20_18_56_39_790.jpg, 0, 1, 0, 30.1909
C:\Users\Shreyas Rawat\Downloads\simulator-windows-64\IMG\center_2024_02_20_18_56_39_892.jpg, C:\Users\Shreyas Rawat\Downloads\simulator-windows-64\IMG\left_2024_02_20_18_56_39_892.jpg, C:\Users\Shreyas Rawat\Downloads\simulator-windows-64\IMG\right_2024_02_20_18_56_39_892.jpg, 0, 1, 0, 30.18709
C:\Users\Shreyas Rawat\Downloads\simulator-windows-64\IMG\center_2024_02_20_18_56_39_997.jpg, C:\Users\Shreyas Rawat\Downloads\simulator-windows-64\IMG\left_2024_02_20_18_56_39_997.jpg, C:\Users\Shreyas Rawat\Downloads\simulator-windows-64\IMG\right_2024_02_20_18_56_39_997.jpg, 0, 1, 0, 30.19061
C:\Users\Shreyas Rawat\Downloads\simulator-windows-64\IMG\center_2024_02_20_18_56_40_104.jpg, C:\Users\Shreyas Rawat\Downloads\simulator-windows-64\IMG\left_2024_02_20_18_56_40_104.jpg, C:\Users\Shreyas Rawat\Downloads\simulator-windows-64\IMG\right_2024_02_20_18_56_40_104.jpg, 0.2940387, 1, 0, 30.16803
C:\Users\Shreyas Rawat\Downloads\simulator-windows-64\IMG\center_2024_02_20_18_56_40_211.jpg, C:\Users\Shreyas Rawat\Downloads\simulator-windows-64\IMG\left_2024_02_20_18_56_40_211.jpg, C:\Users\Shreyas Rawat\Downloads\simulator-windows-64\IMG\right_2024_02_20_18_56_40_211.jpg, 0, 1, 0, 30.19037
C:\Users\Shreyas Rawat\Downloads\simulator-windows-64\IMG\center_2024_02_20_18_56_40_311.jpg, C:\Users\Shreyas Rawat\Downloads\simulator-windows-64\IMG\left_2024_02_20_18_56_40_311.jpg, C:\Users\Shreyas Rawat\Downloads\simulator-windows-64\IMG\right_2024_02_20_18_56_40_311.jpg, 0, 1, 0, 30.1912
C:\Users\Shreyas Rawat\Downloads\simulator-windows-64\IMG\center_2024_02_20_18_56_40_416.jpg, C:\Users\Shreyas Rawat\Downloads\simulator-windows-64\IMG\left_2024_02_20_18_56_40_416.jpg, C:\Users\Shreyas Rawat\Downloads\simulator-windows-64\IMG\right_2024_02_20_18_56_40_416.jpg, 0.2527638, 1, 0, 30.17624
C:\Users\Shreyas Rawat\Downloads\simulator-windows-64\IMG\center_2024_02_20_18_56_40_524.jpg, C:\Users\Shreyas Rawat\Downloads\simulator-windows-64\IMG\left_2024_02_20_18_56_40_524.jpg, C:\Users\Shreyas Rawat\Downloads\simulator-windows-64\IMG\right_2024_02_20_18_56_40_524.jpg, 0.5476533, 1, 0, 30.13921
C:\Users\Shreyas Rawat\Downloads\simulator-windows-64\IMG\center_2024_02_20_18_56_40_628.jpg, C:\Users\Shreyas Rawat\Downloads\simulator-windows-64\IMG\left_2024_02_20_18_56_40_628.jpg, C:\Users\Shreyas Rawat\Downloads\simulator-windows-64\IMG\right_2024_02_20_18_56_40_628.jpg, 0.513006, 1, 0, 30.17241
C:\Users\Shreyas Rawat\Downloads\simulator-windows-64\IMG\center_2024_02_20_18_56_40_735.jpg, C:\Users\Shreyas Rawat\Downloads\simulator-windows-64\IMG\left_2024_02_20_18_56_40_735.jpg, C:\Users\Shreyas Rawat\Downloads\simulator-windows-64\IMG\right_2024_02_20_18_56_40_735.jpg, 0.1671531, 1, 0, 30.19585
C:\Users\Shreyas Rawat\Downloads\simulator-windows-64\IMG\center_2024_02_20_18_56_40_836.jpg, C:\Users\Shreyas Rawat\Downloads\simulator-windows-64\IMG\left_2024_02_20_18_56_40_836.jpg, C:\Users\Shreyas Rawat\Downloads\simulator-windows-64\IMG\right_2024_02_20_18_56_40_836.jpg, 0, 1, 0, 30.18786
C:\Users\Shreyas Rawat\Downloads\simulator-windows-64\IMG\center_2024_02_20_18_56_40_940.jpg, C:\Users\Shreyas Rawat\Downloads\simulator-windows-64\IMG\left_2024_02_20_18_56_40_940.jpg, C:\Users\Shreyas Rawat\Downloads\simulator-windows-64\IMG\right_2024_02_20_18_56_40_940.jpg, 0, 1, 0, 30.18964
C:\Users\Shreyas Rawat\Downloads\simulator-windows-64\IMG\center_2024_02_20_18_56_41_041.jpg, C:\Users\Shreyas Rawat\Downloads\simulator-windows-64\IMG\left_2024_02_20_18_56_41_041.jpg, C:\Users\Shreyas Rawat\Downloads\simulator-windows-64\IMG\right_2024_02_20_18_56_41_041.jpg, 0.0318144, 1, 0, 30.19077
C:\Users\Shreyas Rawat\Downloads\simulator-windows-64\IMG\center_2024_02_20_18_56_41_141.jpg, C:\Users\Shreyas Rawat\Downloads\simulator-windows-64\IMG\left_2024_02_20_18_56_41_141.jpg, C:\Users\Shreyas Rawat\Downloads\simulator-windows-64\IMG\right_2024_02_20_18_56_41_141.jpg, 0.1974303, 1, 0, 30.18131
C:\Users\Shreyas Rawat\Downloads\simulator-windows-64\IMG\center_2024_02_20_18_56_41_244.jpg, C:\Users\Shreyas Rawat\Downloads\simulator-windows-64\IMG\left_2024_02_20_18_56_41_244.jpg, C:\Users\Shreyas Rawat\Downloads\simulator-windows-64\IMG\right_2024_02_20_18_56_41_244.jpg, 0, 1, 0, 30.18978
C:\Users\Shreyas Rawat\Downloads\simulator-windows-64\IMG\center_2024_02_20_18_56_41_344.jpg, C:\Users\Shreyas Rawat\Downloads\simulator-windows-64\IMG\left_2024_02_20_18_56_41_344.jpg, C:\Users\Shreyas Rawat\Downloads\simulator-windows-64\IMG\right_2024_02_20_18_56_41_344.jpg, 0, 1, 0, 30.19028
C:\Users\Shreyas Rawat\Downloads\simulator-windows-64\IMG\center_2024_02_20_18_56_41_447.jpg, C:\Users\Shreyas Rawat\Downloads\simulator-windows-64\IMG\left_2024_02_20_18_56_41_447.jpg, C:\Users\Shreyas Rawat\Downloads\simulator-windows-64\IMG\right_2024_02_20_18_56_41_447.jpg, 0.0599454, 1, 0, 30.18962
C:\Users\Shreyas Rawat\Downloads\simulator-windows-64\IMG\center_2024_02_20_18_56_41_551.jpg, C:\Users\Shreyas Rawat\Downloads\simulator-windows-64\IMG\left_2024_02_20_18_56_41_551.jpg, C:\Users\Shreyas Rawat\Downloads\simulator-windows-64\IMG\right_2024_02_20_18_56_41_551.jpg, 0.3664602, 1, 0, 30.16043
C:\Users\Shreyas Rawat\Downloads\simulator-windows-64\IMG\center_2024_02_20_18_56_41_654.jpg, C:\Users\Shreyas Rawat\Downloads\simulator-windows-64\IMG\left_2024_02_20_18_56_41_654.jpg, C:\Users\Shreyas Rawat\Downloads\simulator-windows-64\IMG\right_2024_02_20_18_56_41_654.jpg, 0.6494724, 1, 0, 30.1239
C:\Users\Shreyas Rawat\Downloads\simulator-windows-64\IMG\center_2024_02_20_18_56_41_758.jpg, C:\Users\Shreyas Rawat\Downloads\simulator-windows-64\IMG\left_2024_02_20_18_56_41_758.jpg, C:\Users\Shreyas Rawat\Downloads\simulator-windows-64\IMG\right_2024_02_20_18_56_41_758.jpg, 1, 1, 0, 30.08885
C:\Users\Shreyas Rawat\Downloads\simulator-windows-64\IMG\center_2024_02_20_18_56_41_866.jpg, C:\Users\Shreyas Rawat\Downloads\simulator-windows-64\IMG\left_2024_02_20_18_56_41_866.jpg, C:\Users\Shreyas Rawat\Downloads\simulator-windows-64\IMG\right_2024_02_20_18_56_41_866.jpg, 0.8260871, 0.772249, 0, 30.10526
C:\Users\Shreyas Rawat\Downloads\simulator-windows-64\IMG\center_2024_02_20_18_56_41_973.jpg, C:\Users\Shreyas Rawat\Downloads\simulator-windows-64\IMG\left_2024_02_20_18_56_41_973.jpg, C:\Users\Shreyas Rawat\Downloads\simulator-windows-64\IMG\right_2024_02_20_18_56_41_973.jpg, -0.0841074, 0.4469392, 0, 30.02038
C:\Users\Shreyas Rawat\Downloads\simulator-windows-64\IMG\center_2024_02_20_18_56_42_077.jpg, C:\Users\Shreyas Rawat\Downloads\simulator-windows-64\IMG\left_2024_02_20_18_56_42_077.jpg, C:\Users\Shreyas Rawat\Downloads\simulator-windows-64\IMG\right_2024_02_20_18_56_42_077.jpg, -0.4270746, 0.103972, 0, 29.7077
C:\Users\Shreyas Rawat\Downloads\simulator-windows-64\IMG\center_2024_02_20_18_56_42_179.jpg, C:\Users\Shreyas Rawat\Downloads\simulator-windows-64\IMG\left_2024_02_20_18_56_42_179.jpg, C:\Users\Shreyas Rawat\Downloads\simulator-windows-64\IMG\right_2024_02_20_18_56_42_179.jpg, -0.7336689, 0, 0, 29.00636
C:\Users\Shreyas Rawat\Downloads\simulator-windows-64\IMG\center_2024_02_20_18_56_42_286.jpg, C:\Users\Shreyas Rawat\Downloads\simulator-windows-64\IMG\left_2024_02_20_18_56_42_286.jpg, C:\Users\Shreyas Rawat\Downloads\simulator-windows-64\IMG\right_2024_02_20_18_56_42_286.jpg, -1, 0, 0, 27.8858
C:\Users\Shreyas Rawat\Downloads\simulator-windows-64\IMG\center_2024_02_20_18_56_42_387.jpg, C:\Users\Shreyas Rawat\Downloads\simulator-windows-64\IMG\left_2024_02_20_18_56_42_387.jpg, C:\Users\Shreyas Rawat\Downloads\simulator-windows-64\IMG\right_2024_02_20_18_56_42_387.jpg, -1, 0, 0, 27.10577
C:\Users\Shreyas Rawat\Downloads\simulator-windows-64\IMG\center_2024_02_20_18_56_42_492.jpg, C:\Users\Shreyas Rawat\Downloads\simulator-windows-64\IMG\left_2024_02_20_18_56_42_492.jpg, C:\Users\Shreyas Rawat\Downloads\simulator-windows-64\IMG\right_2024_02_20_18_56_42_492.jpg, -1, 0.2632521, 0, 26.61438
C:\Users\Shreyas Rawat\Downloads\simulator-windows-64\IMG\center_2024_02_20_18_56_42_601.jpg, C:\Users\Shreyas Rawat\Downloads\simulator-windows-64\IMG\left_2024_02_20_18_56_42_601.jpg, C:\Users\Shreyas Rawat\Downloads\simulator-windows-64\IMG\right_2024_02_20_18_56_42_601.jpg, -1, 0.4635102, 0, 26.77565
C:\Users\Shreyas Rawat\Downloads\simulator-windows-64\IMG\center_2024_02_20_18_56_42_701.jpg, C:\Users\Shreyas Rawat\Downloads\simulator-windows-64\IMG\left_2024_02_20_18_56_42_701.jpg, C:\Users\Shreyas Rawat\Downloads\simulator-windows-64\IMG\right_2024_02_20_18_56_42_701.jpg, -0.6981934, 0.5821902, 0, 27.14264
C:\Users\Shreyas Rawat\Downloads\simulator-windows-64\IMG\center_2024_02_20_18_56_42_803.jpg, C:\Users\Shreyas Rawat\Downloads\simulator-windows-64\IMG\left_2024_02_20_18_56_42_803.jpg, C:\Users\Shreyas Rawat\Downloads\simulator-windows-64\IMG\right_2024_02_20_18_56_42_803.jpg, 0.2139618, 0.8861848, 0, 27.59952
C:\Users\Shreyas Rawat\Downloads\simulator-windows-64\IMG\center_2024_02_20_18_56_42_913.jpg, C:\Users\Shreyas Rawat\Downloads\simulator-windows-64\IMG\left_2024_02_20_18_56_42_913.jpg, C:\Users\Shreyas Rawat\Downloads\simulator-windows-64\IMG\right_2024_02_20_18_56_42_913.jpg, 0.5118181, 0.9662623, 0, 28.16304
C:\Users\Shreyas Rawat\Downloads\simulator-windows-64\IMG\center_2024_02_20_18_56_43_018.jpg, C:\Users\Shreyas Rawat\Downloads\simulator-windows-64\IMG\left_2024_02_20_18_56_43_018.jpg, C:\Users\Shreyas Rawat\Downloads\simulator-windows-64\IMG\right_2024_02_20_18_56_43_018.jpg, 0.8584298, 0.6196504, 0, 28.46124
C:\Users\Shreyas Rawat\Downloads\simulator-windows-64\IMG\center_2024_02_20_18_56_43_125.jpg, C:\Users\Shreyas Rawat\Downloads\simulator-windows-64\IMG\left_2024_02_20_18_56_43_125.jpg, C:\Users\Shreyas Rawat\Downloads\simulator-windows-64\IMG\right_2024_02_20_18_56_43_125.jpg, 1, 0.3269647, 0, 28.2127
C:\Users\Shreyas Rawat\Downloads\simulator-windows-64\IMG\center_2024_02_20_18_56_43_229.jpg, C:\Users\Shreyas Rawat\Downloads\simulator-windows-64\IMG\left_2024_02_20_18_56_43_229.jpg, C:\Users\Shreyas Rawat\Downloads\simulator-windows-64\IMG\right_2024_02_20_18_56_43_229.jpg, 1, 0.577474, 0, 27.89077
C:\Users\Shreyas Rawat\Downloads\simulator-windows-64\IMG\center_2024_02_20_18_56_43_331.jpg, C:\Users\Shreyas Rawat\Downloads\simulator-windows-64\IMG\left_2024_02_20_18_56_43_331.jpg, C:\Users\Shreyas Rawat\Downloads\simulator-windows-64\IMG\right_2024_02_20_18_56_43_331.jpg, 1, 0.6056266, 0, 27.98696
C:\Users\Shreyas Rawat\Downloads\simulator-windows-64\IMG\center_2024_02_20_18_56_43_440.jpg, C:\Users\Shreyas Rawat\Downloads\simulator-windows-64\IMG\left_2024_02_20_18_56_43_440.jpg, C:\Users\Shreyas Rawat\Downloads\simulator-windows-64\IMG\right_2024_02_20_18_56_43_440.jpg, 0.8985407, 0.2493151, 0, 27.97104
C:\Users\Shreyas Rawat\Downloads\simulator-windows-64\IMG\center_2024_02_20_18_56_43_546.jpg, C:\Users\Shreyas Rawat\Downloads\simulator-windows-64\IMG\left_2024_02_20_18_56_43_546.jpg, C:\Users\Shreyas Rawat\Downloads\simulator-windows-64\IMG\right_2024_02_20_18_56_43_546.jpg, 0.6039954, 0, 0, 27.85847
C:\Users\Shreyas Rawat\Downloads\simulator-windows-64\IMG\center_2024_02_20_18_56_43_648.jpg, C:\Users\Shreyas Rawat\Downloads\simulator-windows-64\IMG\left_2024_02_20_18_56_43_648.jpg, C:\Users\Shreyas Rawat\Downloads\simulator-windows-64\IMG\right_2024_02_20_18_56_43_648.jpg, -0.1537188, 0.2821344, 0, 27.68088
C:\Users\Shreyas Rawat\Downloads\simulator-windows-64\IMG\center_2024_02_20_18_56_43_751.jpg, C:\Users\Shreyas Rawat\Downloads\simulator-windows-64\IMG\left_2024_02_20_18_56_43_751.jpg, C:\Users\Shreyas Rawat\Downloads\simulator-windows-64\IMG\right_2024_02_20_18_56_43_751.jpg, -0.4417971, 0.5702127, 0, 27.61287
C:\Users\Shreyas Rawat\Downloads\simulator-windows-64\IMG\center_2024_02_20_18_56_43_854.jpg, C:\Users\Shreyas Rawat\Downloads\simulator-windows-64\IMG\left_2024_02_20_18_56_43_854.jpg, C:\Users\Shreyas Rawat\Downloads\simulator-windows-64\IMG\right_2024_02_20_18_56_43_854.jpg, -0.7480801, 0.6240438, 0, 27.7197
C:\Users\Shreyas Rawat\Downloads\simulator-windows-64\IMG\center_2024_02_20_18_56_43_958.jpg, C:\Users\Shreyas Rawat\Downloads\simulator-windows-64\IMG\left_2024_02_20_18_56_43_958.jpg, C:\Users\Shreyas Rawat\Downloads\simulator-windows-64\IMG\right_2024_02_20_18_56_43_958.jpg, -1, 0.2649339, 0, 27.38383
C:\Users\Shreyas Rawat\Downloads\simulator-windows-64\IMG\center_2024_02_20_18_56_44_067.jpg, C:\Users\Shreyas Rawat\Downloads\simulator-windows-64\IMG\left_2024_02_20_18_56_44_067.jpg, C:\Users\Shreyas Rawat\Downloads\simulator-windows-64\IMG\right_2024_02_20_18_56_44_067.jpg, -1, 0, 0, 26.75135
C:\Users\Shreyas Rawat\Downloads\simulator-windows-64\IMG\center_2024_02_20_18_56_44_169.jpg, C:\Users\Shreyas Rawat\Downloads\simulator-windows-64\IMG\left_2024_02_20_18_56_44_169.jpg, C:\Users\Shreyas Rawat\Downloads\simulator-windows-64\IMG\right_2024_02_20_18_56_44_169.jpg, -0.7284313, 0, 0, 26.30994
C:\Users\Shreyas Rawat\Downloads\simulator-windows-64\IMG\center_2024_02_20_18_56_44_269.jpg, C:\Users\Shreyas Rawat\Downloads\simulator-windows-64\IMG\left_2024_02_20_18_56_44_269.jpg, C:\Users\Shreyas Rawat\Downloads\simulator-windows-64\IMG\right_2024_02_20_18_56_44_269.jpg, -0.4162072, 0, 0, 26.10937
C:\Users\Shreyas Rawat\Downloads\simulator-windows-64\IMG\center_2024_02_20_18_56_44_373.jpg, C:\Users\Shreyas Rawat\Downloads\simulator-windows-64\IMG\left_2024_02_20_18_56_44_373.jpg, C:\Users\Shreyas Rawat\Downloads\simulator-windows-64\IMG\right_2024_02_20_18_56_44_373.jpg, -0.1357609, 0, 0, 25.88526
C:\Users\Shreyas Rawat\Downloads\simulator-windows-64\IMG\center_2024_02_20_18_56_44_481.jpg, C:\Users\Shreyas Rawat\Downloads\simulator-windows-64\IMG\left_2024_02_20_18_56_44_481.jpg, C:\Users\Shreyas Rawat\Downloads\simulator-windows-64\IMG\right_2024_02_20_18_56_44_481.jpg, 0, 0.3790764, 0, 25.82401
C:\Users\Shreyas Rawat\Downloads\simulator-windows-64\IMG\center_2024_02_20_18_56_44_588.jpg, C:\Users\Shreyas Rawat\Downloads\simulator-windows-64\IMG\left_2024_02_20_18_56_44_588.jpg, C:\Users\Shreyas Rawat\Downloads\simulator-windows-64\IMG\right_2024_02_20_18_56_44_588.jpg, 0, 0.6729633, 0, 26.19213
C:\Users\Shreyas Rawat\Downloads\simulator-windows-64\IMG\center_2024_02_20_18_56_44_696.jpg, C:\Users\Shreyas Rawat\Downloads\simulator-windows-64\IMG\left_2024_02_20_18_56_44_696.jpg, C:\Users\Shreyas Rawat\Downloads\simulator-windows-64\IMG\right_2024_02_20_18_56_44_696.jpg, 0.1967421, 1, 0, 27.09461
C:\Users\Shreyas Rawat\Downloads\simulator-windows-64\IMG\center_2024_02_20_18_56_44_803.jpg, C:\Users\Shreyas Rawat\Downloads\simulator-windows-64\IMG\left_2024_02_20_18_56_44_803.jpg, C:\Users\Shreyas Rawat\Downloads\simulator-windows-64\IMG\right_2024_02_20_18_56_44_803.jpg, 0.01676369, 1, 0, 27.99601
C:\Users\Shreyas Rawat\Downloads\simulator-windows-64\IMG\center_2024_02_20_18_56_44_903.jpg, C:\Users\Shreyas Rawat\Downloads\simulator-windows-64\IMG\left_2024_02_20_18_56_44_903.jpg, C:\Users\Shreyas Rawat\Downloads\simulator-windows-64\IMG\right_2024_02_20_18_56_44_903.jpg, 0, 1, 0, 28.92265
C:\Users\Shreyas Rawat\Downloads\simulator-windows-64\IMG\center_2024_02_20_18_56_45_005.jpg, C:\Users\Shreyas Rawat\Downloads\simulator-windows-64\IMG\left_2024_02_20_18_56_45_005.jpg, C:\Users\Shreyas Rawat\Downloads\simulator-windows-64\IMG\right_2024_02_20_18_56_45_005.jpg, 0, 1, 0, 29.84292
C:\Users\Shreyas Rawat\Downloads\simulator-windows-64\IMG\center_2024_02_20_18_56_45_112.jpg, C:\Users\Shreyas Rawat\Downloads\simulator-windows-64\IMG\left_2024_02_20_18_56_45_112.jpg, C:\Users\Shreyas Rawat\Downloads\simulator-windows-64\IMG\right_2024_02_20_18_56_45_112.jpg, 0, 1, 0, 30.19117
C:\Users\Shreyas Rawat\Downloads\simulator-windows-64\IMG\center_2024_02_20_18_56_45_220.jpg, C:\Users\Shreyas Rawat\Downloads\simulator-windows-64\IMG\left_2024_02_20_18_56_45_220.jpg, C:\Users\Shreyas Rawat\Downloads\simulator-windows-64\IMG\right_2024_02_20_18_56_45_220.jpg, 0, 1, 0, 30.19011
C:\Users\Shreyas Rawat\Downloads\simulator-windows-64\IMG\center_2024_02_20_18_56_45_325.jpg, C:\Users\Shreyas Rawat\Downloads\simulator-windows-64\IMG\left_2024_02_20_18_56_45_325.jpg, C:\Users\Shreyas Rawat\Downloads\simulator-windows-64\IMG\right_2024_02_20_18_56_45_325.jpg, 0, 1, 0, 30.19052
C:\Users\Shreyas Rawat\Downloads\simulator-windows-64\IMG\center_2024_02_20_18_56_45_430.jpg, C:\Users\Shreyas Rawat\Downloads\simulator-windows-64\IMG\left_2024_02_20_18_56_45_430.jpg, C:\Users\Shreyas Rawat\Downloads\simulator-windows-64\IMG\right_2024_02_20_18_56_45_430.jpg, 0.2275776, 1, 0, 30.17563
C:\Users\Shreyas Rawat\Downloads\simulator-windows-64\IMG\center_2024_02_20_18_56_45_533.jpg, C:\Users\Shreyas Rawat\Downloads\simulator-windows-64\IMG\left_2024_02_20_18_56_45_533.jpg, C:\Users\Shreyas Rawat\Downloads\simulator-windows-64\IMG\right_2024_02_20_18_56_45_533.jpg, 0, 1, 0, 30.18933
C:\Users\Shreyas Rawat\Downloads\simulator-windows-64\IMG\center_2024_02_20_18_56_45_636.jpg, C:\Users\Shreyas Rawat\Downloads\simulator-windows-64\IMG\left_2024_02_20_18_56_45_636.jpg, C:\Users\Shreyas Rawat\Downloads\simulator-windows-64\IMG\right_2024_02_20_18_56_45_636.jpg, 0, 1, 0, 30.19023
C:\Users\Shreyas Rawat\Downloads\simulator-windows-64\IMG\center_2024_02_20_18_56_45_739.jpg, C:\Users\Shreyas Rawat\Downloads\simulator-windows-64\IMG\left_2024_02_20_18_56_45_739.jpg, C:\Users\Shreyas Rawat\Downloads\simulator-windows-64\IMG\right_2024_02_20_18_56_45_739.jpg, 0, 1, 0, 30.1903
C:\Users\Shreyas Rawat\Downloads\simulator-windows-64\IMG\center_2024_02_20_18_56_45_844.jpg, C:\Users\Shreyas Rawat\Downloads\simulator-windows-64\IMG\left_2024_02_20_18_56_45_844.jpg, C:\Users\Shreyas Rawat\Downloads\simulator-windows-64\IMG\right_2024_02_20_18_56_45_844.jpg, 0, 1, 0, 30.19031
C:\Users\Shreyas Rawat\Downloads\simulator-windows-64\IMG\center_2024_02_20_18_56_45_949.jpg, C:\Users\Shreyas Rawat\Downloads\simulator-windows-64\IMG\left_2024_02_20_18_56_45_949.jpg, C:\Users\Shreyas Rawat\Downloads\simulator-windows-64\IMG\right_2024_02_20_18_56_45_949.jpg, 0, 1, 0, 30.19029
C:\Users\Shreyas Rawat\Downloads\simulator-windows-64\IMG\center_2024_02_20_18_56_46_054.jpg, C:\Users\Shreyas Rawat\Downloads\simulator-windows-64\IMG\left_2024_02_20_18_56_46_054.jpg, C:\Users\Shreyas Rawat\Downloads\simulator-windows-64\IMG\right_2024_02_20_18_56_46_054.jpg, 0, 1, 0, 30.1903
C:\Users\Shreyas Rawat\Downloads\simulator-windows-64\IMG\center_2024_02_20_18_56_46_159.jpg, C:\Users\Shreyas Rawat\Downloads\simulator-windows-64\IMG\left_2024_02_20_18_56_46_159.jpg, C:\Users\Shreyas Rawat\Downloads\simulator-windows-64\IMG\right_2024_02_20_18_56_46_159.jpg, 0, 1, 0, 30.19029
C:\Users\Shreyas Rawat\Downloads\simulator-windows-64\IMG\center_2024_02_20_18_56_46_260.jpg, C:\Users\Shreyas Rawat\Downloads\simulator-windows-64\IMG\left_2024_02_20_18_56_46_260.jpg, C:\Users\Shreyas Rawat\Downloads\simulator-windows-64\IMG\right_2024_02_20_18_56_46_260.jpg, 0, 1, 0, 30.19031
C:\Users\Shreyas Rawat\Downloads\simulator-windows-64\IMG\center_2024_02_20_18_56_46_363.jpg, C:\Users\Shreyas Rawat\Downloads\simulator-windows-64\IMG\left_2024_02_20_18_56_46_363.jpg, C:\Users\Shreyas Rawat\Downloads\simulator-windows-64\IMG\right_2024_02_20_18_56_46_363.jpg, 0, 1, 0, 30.19029
C:\Users\Shreyas Rawat\Downloads\simulator-windows-64\IMG\center_2024_02_20_18_56_46_464.jpg, C:\Users\Shreyas Rawat\Downloads\simulator-windows-64\IMG\left_2024_02_20_18_56_46_464.jpg, C:\Users\Shreyas Rawat\Downloads\simulator-windows-64\IMG\right_2024_02_20_18_56_46_464.jpg, 0, 1, 0, 30.19031
C:\Users\Shreyas Rawat\Downloads\simulator-windows-64\IMG\center_2024_02_20_18_56_46_568.jpg, C:\Users\Shreyas Rawat\Downloads\simulator-windows-64\IMG\left_2024_02_20_18_56_46_568.jpg, C:\Users\Shreyas Rawat\Downloads\simulator-windows-64\IMG\right_2024_02_20_18_56_46_568.jpg, 0, 1, 0, 30.19033
C:\Users\Shreyas Rawat\Downloads\simulator-windows-64\IMG\center_2024_02_20_18_56_46_670.jpg, C:\Users\Shreyas Rawat\Downloads\simulator-windows-64\IMG\left_2024_02_20_18_56_46_670.jpg, C:\Users\Shreyas Rawat\Downloads\simulator-windows-64\IMG\right_2024_02_20_18_56_46_670.jpg, 0, 1, 0, 30.19032
C:\Users\Shreyas Rawat\Downloads\simulator-windows-64\IMG\center_2024_02_20_18_56_46_771.jpg, C:\Users\Shreyas Rawat\Downloads\simulator-windows-64\IMG\left_2024_02_20_18_56_46_771.jpg, C:\Users\Shreyas Rawat\Downloads\simulator-windows-64\IMG\right_2024_02_20_18_56_46_771.jpg, 0, 1, 0, 30.19026
C:\Users\Shreyas Rawat\Downloads\simulator-windows-64\IMG\center_2024_02_20_18_56_46_873.jpg, C:\Users\Shreyas Rawat\Downloads\simulator-windows-64\IMG\left_2024_02_20_18_56_46_873.jpg, C:\Users\Shreyas Rawat\Downloads\simulator-windows-64\IMG\right_2024_02_20_18_56_46_873.jpg, 0, 1, 0, 30.1903
C:\Users\Shreyas Rawat\Downloads\simulator-windows-64\IMG\center_2024_02_20_18_56_46_976.jpg, C:\Users\Shreyas Rawat\Downloads\simulator-windows-64\IMG\left_2024_02_20_18_56_46_976.jpg, C:\Users\Shreyas Rawat\Downloads\simulator-windows-64\IMG\right_2024_02_20_18_56_46_976.jpg, -0.0453177, 1, 0, 30.18987
C:\Users\Shreyas Rawat\Downloads\simulator-windows-64\IMG\center_2024_02_20_18_56_47_076.jpg, C:\Users\Shreyas Rawat\Downloads\simulator-windows-64\IMG\left_2024_02_20_18_56_47_076.jpg, C:\Users\Shreyas Rawat\Downloads\simulator-windows-64\IMG\right_2024_02_20_18_56_47_076.jpg, -0.3036453, 1, 0, 30.16816
C:\Users\Shreyas Rawat\Downloads\simulator-windows-64\IMG\center_2024_02_20_18_56_47_176.jpg, C:\Users\Shreyas Rawat\Downloads\simulator-windows-64\IMG\left_2024_02_20_18_56_47_176.jpg, C:\Users\Shreyas Rawat\Downloads\simulator-windows-64\IMG\right_2024_02_20_18_56_47_176.jpg, -0.003035413, 1, 0, 30.1893
C:\Users\Shreyas Rawat\Downloads\simulator-windows-64\IMG\center_2024_02_20_18_56_47_282.jpg, C:\Users\Shreyas Rawat\Downloads\simulator-windows-64\IMG\left_2024_02_20_18_56_47_282.jpg, C:\Users\Shreyas Rawat\Downloads\simulator-windows-64\IMG\right_2024_02_20_18_56_47_282.jpg, 0, 1, 0, 30.18998
C:\Users\Shreyas Rawat\Downloads\simulator-windows-64\IMG\center_2024_02_20_18_56_47_387.jpg, C:\Users\Shreyas Rawat\Downloads\simulator-windows-64\IMG\left_2024_02_20_18_56_47_387.jpg, C:\Users\Shreyas Rawat\Downloads\simulator-windows-64\IMG\right_2024_02_20_18_56_47_387.jpg, 0, 1, 0, 30.19024
C:\Users\Shreyas Rawat\Downloads\simulator-windows-64\IMG\center_2024_02_20_18_56_47_489.jpg, C:\Users\Shreyas Rawat\Downloads\simulator-windows-64\IMG\left_2024_02_20_18_56_47_489.jpg, C:\Users\Shreyas Rawat\Downloads\simulator-windows-64\IMG\right_2024_02_20_18_56_47_489.jpg, -0.281052, 1, 0, 30.17228
C:\Users\Shreyas Rawat\Downloads\simulator-windows-64\IMG\center_2024_02_20_18_56_47_590.jpg, C:\Users\Shreyas Rawat\Downloads\simulator-windows-64\IMG\left_2024_02_20_18_56_47_590.jpg, C:\Users\Shreyas Rawat\Downloads\simulator-windows-64\IMG\right_2024_02_20_18_56_47_590.jpg, -0.06617399, 1, 0, 30.1916
C:\Users\Shreyas Rawat\Downloads\simulator-windows-64\IMG\center_2024_02_20_18_56_47_696.jpg, C:\Users\Shreyas Rawat\Downloads\simulator-windows-64\IMG\left_2024_02_20_18_56_47_696.jpg, C:\Users\Shreyas Rawat\Downloads\simulator-windows-64\IMG\right_2024_02_20_18_56_47_696.jpg, 0, 1, 0, 30.19018
C:\Users\Shreyas Rawat\Downloads\simulator-windows-64\IMG\center_2024_02_20_18_56_47_802.jpg, C:\Users\Shreyas Rawat\Downloads\simulator-windows-64\IMG\left_2024_02_20_18_56_47_802.jpg, C:\Users\Shreyas Rawat\Downloads\simulator-windows-64\IMG\right_2024_02_20_18_56_47_802.jpg, 0, 1, 0, 30.19016
C:\Users\Shreyas Rawat\Downloads\simulator-windows-64\IMG\center_2024_02_20_18_56_47_905.jpg, C:\Users\Shreyas Rawat\Downloads\simulator-windows-64\IMG\left_2024_02_20_18_56_47_905.jpg, C:\Users\Shreyas Rawat\Downloads\simulator-windows-64\IMG\right_2024_02_20_18_56_47_905.jpg, 0, 1, 0, 30.18881
C:\Users\Shreyas Rawat\Downloads\simulator-windows-64\IMG\center_2024_02_20_18_56_48_005.jpg, C:\Users\Shreyas Rawat\Downloads\simulator-windows-64\IMG\left_2024_02_20_18_56_48_005.jpg, C:\Users\Shreyas Rawat\Downloads\simulator-windows-64\IMG\right_2024_02_20_18_56_48_005.jpg, -0.0706149, 1, 0, 30.18925
C:\Users\Shreyas Rawat\Downloads\simulator-windows-64\IMG\center_2024_02_20_18_56_48_111.jpg, C:\Users\Shreyas Rawat\Downloads\simulator-windows-64\IMG\left_2024_02_20_18_56_48_111.jpg, C:\Users\Shreyas Rawat\Downloads\simulator-windows-64\IMG\right_2024_02_20_18_56_48_111.jpg, -0.2262693, 1, 0, 30.17978
C:\Users\Shreyas Rawat\Downloads\simulator-windows-64\IMG\center_2024_02_20_18_56_48_220.jpg, C:\Users\Shreyas Rawat\Downloads\simulator-windows-64\IMG\left_2024_02_20_18_56_48_220.jpg, C:\Users\Shreyas Rawat\Downloads\simulator-windows-64\IMG\right_2024_02_20_18_56_48_220.jpg, 0, 1, 0, 30.1882
C:\Users\Shreyas Rawat\Downloads\simulator-windows-64\IMG\center_2024_02_20_18_56_48_325.jpg, C:\Users\Shreyas Rawat\Downloads\simulator-windows-64\IMG\left_2024_02_20_18_56_48_325.jpg, C:\Users\Shreyas Rawat\Downloads\simulator-windows-64\IMG\right_2024_02_20_18_56_48_325.jpg, 0, 1, 0, 30.19052
C:\Users\Shreyas Rawat\Downloads\simulator-windows-64\IMG\center_2024_02_20_18_56_48_427.jpg, C:\Users\Shreyas Rawat\Downloads\simulator-windows-64\IMG\left_2024_02_20_18_56_48_427.jpg, C:\Users\Shreyas Rawat\Downloads\simulator-windows-64\IMG\right_2024_02_20_18_56_48_427.jpg, -0.2859936, 1, 0, 30.17081
C:\Users\Shreyas Rawat\Downloads\simulator-windows-64\IMG\center_2024_02_20_18_56_48_536.jpg, C:\Users\Shreyas Rawat\Downloads\simulator-windows-64\IMG\left_2024_02_20_18_56_48_536.jpg, C:\Users\Shreyas Rawat\Downloads\simulator-windows-64\IMG\right_2024_02_20_18_56_48_536.jpg, -0.1280466, 1, 0, 30.19181
C:\Users\Shreyas Rawat\Downloads\simulator-windows-64\IMG\center_2024_02_20_18_56_48_641.jpg, C:\Users\Shreyas Rawat\Downloads\simulator-windows-64\IMG\left_2024_02_20_18_56_48_641.jpg, C:\Users\Shreyas Rawat\Downloads\simulator-windows-64\IMG\right_2024_02_20_18_56_48_641.jpg, -0.0498663, 1, 0, 30.19006
C:\Users\Shreyas Rawat\Downloads\simulator-windows-64\IMG\center_2024_02_20_18_56_48_742.jpg, C:\Users\Shreyas Rawat\Downloads\simulator-windows-64\IMG\left_2024_02_20_18_56_48_742.jpg, C:\Users\Shreyas Rawat\Downloads\simulator-windows-64\IMG\right_2024_02_20_18_56_48_742.jpg, -0.3321846, 1, 0, 30.16831
C:\Users\Shreyas Rawat\Downloads\simulator-windows-64\IMG\center_2024_02_20_18_56_48_844.jpg, C:\Users\Shreyas Rawat\Downloads\simulator-windows-64\IMG\left_2024_02_20_18_56_48_844.jpg, C:\Users\Shreyas Rawat\Downloads\simulator-windows-64\IMG\right_2024_02_20_18_56_48_844.jpg, -0.368385, 1, 0, 30.17937
C:\Users\Shreyas Rawat\Downloads\simulator-windows-64\IMG\center_2024_02_20_18_56_48_949.jpg, C:\Users\Shreyas Rawat\Downloads\simulator-windows-64\IMG\left_2024_02_20_18_56_48_949.jpg, C:\Users\Shreyas Rawat\Downloads\simulator-windows-64\IMG\right_2024_02_20_18_56_48_949.jpg, -0.05078669, 1, 0, 30.18965
C:\Users\Shreyas Rawat\Downloads\simulator-windows-64\IMG\center_2024_02_20_18_56_49_057.jpg, C:\Users\Shreyas Rawat\Downloads\simulator-windows-64\IMG\left_2024_02_20_18_56_49_057.jpg, C:\Users\Shreyas Rawat\Downloads\simulator-windows-64\IMG\right_2024_02_20_18_56_49_057.jpg, -0.1781874, 1, 0, 30.18782
C:\Users\Shreyas Rawat\Downloads\simulator-windows-64\IMG\center_2024_02_20_18_56_49_163.jpg, C:\Users\Shreyas Rawat\Downloads\simulator-windows-64\IMG\left_2024_02_20_18_56_49_163.jpg, C:\Users\Shreyas Rawat\Downloads\simulator-windows-64\IMG\right_2024_02_20_18_56_49_163.jpg, -0.07062273, 1, 0, 30.19133
C:\Users\Shreyas Rawat\Downloads\simulator-windows-64\IMG\center_2024_02_20_18_56_49_269.jpg, C:\Users\Shreyas Rawat\Downloads\simulator-windows-64\IMG\left_2024_02_20_18_56_49_269.jpg, C:\Users\Shreyas Rawat\Downloads\simulator-windows-64\IMG\right_2024_02_20_18_56_49_269.jpg, 0, 1, 0, 30.19084
C:\Users\Shreyas Rawat\Downloads\simulator-windows-64\IMG\center_2024_02_20_18_56_49_372.jpg, C:\Users\Shreyas Rawat\Downloads\simulator-windows-64\IMG\left_2024_02_20_18_56_49_372.jpg, C:\Users\Shreyas Rawat\Downloads\simulator-windows-64\IMG\right_2024_02_20_18_56_49_372.jpg, -0.0901224, 1, 0, 30.18924
C:\Users\Shreyas Rawat\Downloads\simulator-windows-64\IMG\center_2024_02_20_18_56_49_475.jpg, C:\Users\Shreyas Rawat\Downloads\simulator-windows-64\IMG\left_2024_02_20_18_56_49_475.jpg, C:\Users\Shreyas Rawat\Downloads\simulator-windows-64\IMG\right_2024_02_20_18_56_49_475.jpg, -0.4437024, 1, 0, 30.15218
C:\Users\Shreyas Rawat\Downloads\simulator-windows-64\IMG\center_2024_02_20_18_56_49_577.jpg, C:\Users\Shreyas Rawat\Downloads\simulator-windows-64\IMG\left_2024_02_20_18_56_49_577.jpg, C:\Users\Shreyas Rawat\Downloads\simulator-windows-64\IMG\right_2024_02_20_18_56_49_577.jpg, -0.7024413, 1, 0, 30.12078
C:\Users\Shreyas Rawat\Downloads\simulator-windows-64\IMG\center_2024_02_20_18_56_49_683.jpg, C:\Users\Shreyas Rawat\Downloads\simulator-windows-64\IMG\left_2024_02_20_18_56_49_683.jpg, C:\Users\Shreyas Rawat\Downloads\simulator-windows-64\IMG\right_2024_02_20_18_56_49_683.jpg, -0.4085261, 1, 0, 30.19173
C:\Users\Shreyas Rawat\Downloads\simulator-windows-64\IMG\center_2024_02_20_18_56_49_784.jpg, C:\Users\Shreyas Rawat\Downloads\simulator-windows-64\IMG\left_2024_02_20_18_56_49_784.jpg, C:\Users\Shreyas Rawat\Downloads\simulator-windows-64\IMG\right_2024_02_20_18_56_49_784.jpg, -0.1037441, 1, 0, 30.1926
C:\Users\Shreyas Rawat\Downloads\simulator-windows-64\IMG\center_2024_02_20_18_56_49_886.jpg, C:\Users\Shreyas Rawat\Downloads\simulator-windows-64\IMG\left_2024_02_20_18_56_49_886.jpg, C:\Users\Shreyas Rawat\Downloads\simulator-windows-64\IMG\right_2024_02_20_18_56_49_886.jpg, 0, 1, 0, 30.18831
C:\Users\Shreyas Rawat\Downloads\simulator-windows-64\IMG\center_2024_02_20_18_56_49_993.jpg, C:\Users\Shreyas Rawat\Downloads\simulator-windows-64\IMG\left_2024_02_20_18_56_49_993.jpg, C:\Users\Shreyas Rawat\Downloads\simulator-windows-64\IMG\right_2024_02_20_18_56_49_993.jpg, 0, 1, 0, 30.1909
C:\Users\Shreyas Rawat\Downloads\simulator-windows-64\IMG\center_2024_02_20_18_56_50_099.jpg, C:\Users\Shreyas Rawat\Downloads\simulator-windows-64\IMG\left_2024_02_20_18_56_50_099.jpg, C:\Users\Shreyas Rawat\Downloads\simulator-windows-64\IMG\right_2024_02_20_18_56_50_099.jpg, 0, 1, 0, 30.19013
C:\Users\Shreyas Rawat\Downloads\simulator-windows-64\IMG\center_2024_02_20_18_56_50_203.jpg, C:\Users\Shreyas Rawat\Downloads\simulator-windows-64\IMG\left_2024_02_20_18_56_50_203.jpg, C:\Users\Shreyas Rawat\Downloads\simulator-windows-64\IMG\right_2024_02_20_18_56_50_203.jpg, 0, 1, 0, 30.1878
C:\Users\Shreyas Rawat\Downloads\simulator-windows-64\IMG\center_2024_02_20_18_56_50_310.jpg, C:\Users\Shreyas Rawat\Downloads\simulator-windows-64\IMG\left_2024_02_20_18_56_50_310.jpg, C:\Users\Shreyas Rawat\Downloads\simulator-windows-64\IMG\right_2024_02_20_18_56_50_310.jpg, -0.1092333, 1, 0, 30.18753
C:\Users\Shreyas Rawat\Downloads\simulator-windows-64\IMG\center_2024_02_20_18_56_50_416.jpg, C:\Users\Shreyas Rawat\Downloads\simulator-windows-64\IMG\left_2024_02_20_18_56_50_416.jpg, C:\Users\Shreyas Rawat\Downloads\simulator-windows-64\IMG\right_2024_02_20_18_56_50_416.jpg, -0.310236, 1, 0, 30.16742
C:\Users\Shreyas Rawat\Downloads\simulator-windows-64\IMG\center_2024_02_20_18_56_50_521.jpg, C:\Users\Shreyas Rawat\Downloads\simulator-windows-64\IMG\left_2024_02_20_18_56_50_521.jpg, C:\Users\Shreyas Rawat\Downloads\simulator-windows-64\IMG\right_2024_02_20_18_56_50_521.jpg, 0, 1, 0, 30.18969
C:\Users\Shreyas Rawat\Downloads\simulator-windows-64\IMG\center_2024_02_20_18_56_50_622.jpg, C:\Users\Shreyas Rawat\Downloads\simulator-windows-64\IMG\left_2024_02_20_18_56_50_622.jpg, C:\Users\Shreyas Rawat\Downloads\simulator-windows-64\IMG\right_2024_02_20_18_56_50_622.jpg, -0.1167018, 1, 0, 30.18972
C:\Users\Shreyas Rawat\Downloads\simulator-windows-64\IMG\center_2024_02_20_18_56_50_730.jpg, C:\Users\Shreyas Rawat\Downloads\simulator-windows-64\IMG\left_2024_02_20_18_56_50_730.jpg, C:\Users\Shreyas Rawat\Downloads\simulator-windows-64\IMG\right_2024_02_20_18_56_50_730.jpg, -0.2271099, 1, 0, 30.18398
C:\Users\Shreyas Rawat\Downloads\simulator-windows-64\IMG\center_2024_02_20_18_56_50_836.jpg, C:\Users\Shreyas Rawat\Downloads\simulator-windows-64\IMG\left_2024_02_20_18_56_50_836.jpg, C:\Users\Shreyas Rawat\Downloads\simulator-windows-64\IMG\right_2024_02_20_18_56_50_836.jpg, 0, 1, 0, 30.19006
C:\Users\Shreyas Rawat\Downloads\simulator-windows-64\IMG\center_2024_02_20_18_56_50_938.jpg, C:\Users\Shreyas Rawat\Downloads\simulator-windows-64\IMG\left_2024_02_20_18_56_50_938.jpg, C:\Users\Shreyas Rawat\Downloads\simulator-windows-64\IMG\right_2024_02_20_18_56_50_938.jpg, -0.1459809, 1, 0, 30.18681
C:\Users\Shreyas Rawat\Downloads\simulator-windows-64\IMG\center_2024_02_20_18_56_51_042.jpg, C:\Users\Shreyas Rawat\Downloads\simulator-windows-64\IMG\left_2024_02_20_18_56_51_042.jpg, C:\Users\Shreyas Rawat\Downloads\simulator-windows-64\IMG\right_2024_02_20_18_56_51_042.jpg, -0.4557498, 1, 0, 30.15043
C:\Users\Shreyas Rawat\Downloads\simulator-windows-64\IMG\center_2024_02_20_18_56_51_143.jpg, C:\Users\Shreyas Rawat\Downloads\simulator-windows-64\IMG\left_2024_02_20_18_56_51_143.jpg, C:\Users\Shreyas Rawat\Downloads\simulator-windows-64\IMG\right_2024_02_20_18_56_51_143.jpg, -0.4786542, 1, 0, 30.17089
C:\Users\Shreyas Rawat\Downloads\simulator-windows-64\IMG\center_2024_02_20_18_56_51_249.jpg, C:\Users\Shreyas Rawat\Downloads\simulator-windows-64\IMG\left_2024_02_20_18_56_51_249.jpg, C:\Users\Shreyas Rawat\Downloads\simulator-windows-64\IMG\right_2024_02_20_18_56_51_249.jpg, -0.1592922, 1, 0, 30.19457
C:\Users\Shreyas Rawat\Downloads\simulator-windows-64\IMG\center_2024_02_20_18_56_51_359.jpg, C:\Users\Shreyas Rawat\Downloads\simulator-windows-64\IMG\left_2024_02_20_18_56_51_359.jpg, C:\Users\Shreyas Rawat\Downloads\simulator-windows-64\IMG\right_2024_02_20_18_56_51_359.jpg, 0, 1, 0, 30.18768
C:\Users\Shreyas Rawat\Downloads\simulator-windows-64\IMG\center_2024_02_20_18_56_51_465.jpg, C:\Users\Shreyas Rawat\Downloads\simulator-windows-64\IMG\left_2024_02_20_18_56_51_465.jpg, C:\Users\Shreyas Rawat\Downloads\simulator-windows-64\IMG\right_2024_02_20_18_56_51_465.jpg, 0, 1, 0, 30.19015
C:\Users\Shreyas Rawat\Downloads\simulator-windows-64\IMG\center_2024_02_20_18_56_51_573.jpg, C:\Users\Shreyas Rawat\Downloads\simulator-windows-64\IMG\left_2024_02_20_18_56_51_573.jpg, C:\Users\Shreyas Rawat\Downloads\simulator-windows-64\IMG\right_2024_02_20_18_56_51_573.jpg, 0, 1, 0, 30.18963
C:\Users\Shreyas Rawat\Downloads\simulator-windows-64\IMG\center_2024_02_20_18_56_51_680.jpg, C:\Users\Shreyas Rawat\Downloads\simulator-windows-64\IMG\left_2024_02_20_18_56_51_680.jpg, C:\Users\Shreyas Rawat\Downloads\simulator-windows-64\IMG\right_2024_02_20_18_56_51_680.jpg, -0.1794396, 1, 0, 30.1821
C:\Users\Shreyas Rawat\Downloads\simulator-windows-64\IMG\center_2024_02_20_18_56_51_784.jpg, C:\Users\Shreyas Rawat\Downloads\simulator-windows-64\IMG\left_2024_02_20_18_56_51_784.jpg, C:\Users\Shreyas Rawat\Downloads\simulator-windows-64\IMG\right_2024_02_20_18_56_51_784.jpg, -0.03786598, 1, 0, 30.19086
C:\Users\Shreyas Rawat\Downloads\simulator-windows-64\IMG\center_2024_02_20_18_56_51_886.jpg, C:\Users\Shreyas Rawat\Downloads\simulator-windows-64\IMG\left_2024_02_20_18_56_51_886.jpg, C:\Users\Shreyas Rawat\Downloads\simulator-windows-64\IMG\right_2024_02_20_18_56_51_886.jpg, 0, 1, 0, 30.19017
C:\Users\Shreyas Rawat\Downloads\simulator-windows-64\IMG\center_2024_02_20_18_56_51_992.jpg, C:\Users\Shreyas Rawat\Downloads\simulator-windows-64\IMG\left_2024_02_20_18_56_51_992.jpg, C:\Users\Shreyas Rawat\Downloads\simulator-windows-64\IMG\right_2024_02_20_18_56_51_992.jpg, 0, 1, 0, 30.19031
C:\Users\Shreyas Rawat\Downloads\simulator-windows-64\IMG\center_2024_02_20_18_56_52_101.jpg, C:\Users\Shreyas Rawat\Downloads\simulator-windows-64\IMG\left_2024_02_20_18_56_52_101.jpg, C:\Users\Shreyas Rawat\Downloads\simulator-windows-64\IMG\right_2024_02_20_18_56_52_101.jpg, -0.1715442, 1, 0, 30.18279
C:\Users\Shreyas Rawat\Downloads\simulator-windows-64\IMG\center_2024_02_20_18_56_52_204.jpg, C:\Users\Shreyas Rawat\Downloads\simulator-windows-64\IMG\left_2024_02_20_18_56_52_204.jpg, C:\Users\Shreyas Rawat\Downloads\simulator-windows-64\IMG\right_2024_02_20_18_56_52_204.jpg, -0.1671954, 1, 0, 30.18854
C:\Users\Shreyas Rawat\Downloads\simulator-windows-64\IMG\center_2024_02_20_18_56_52_309.jpg, C:\Users\Shreyas Rawat\Downloads\simulator-windows-64\IMG\left_2024_02_20_18_56_52_309.jpg, C:\Users\Shreyas Rawat\Downloads\simulator-windows-64\IMG\right_2024_02_20_18_56_52_309.jpg, 0, 1, 0, 30.1896
C:\Users\Shreyas Rawat\Downloads\simulator-windows-64\IMG\center_2024_02_20_18_56_52_420.jpg, C:\Users\Shreyas Rawat\Downloads\simulator-windows-64\IMG\left_2024_02_20_18_56_52_420.jpg, C:\Users\Shreyas Rawat\Downloads\simulator-windows-64\IMG\right_2024_02_20_18_56_52_420.jpg, 0, 1, 0, 30.19023
C:\Users\Shreyas Rawat\Downloads\simulator-windows-64\IMG\center_2024_02_20_18_56_52_527.jpg, C:\Users\Shreyas Rawat\Downloads\simulator-windows-64\IMG\left_2024_02_20_18_56_52_527.jpg, C:\Users\Shreyas Rawat\Downloads\simulator-windows-64\IMG\right_2024_02_20_18_56_52_527.jpg, -0.02862, 1, 0, 30.19021
C:\Users\Shreyas Rawat\Downloads\simulator-windows-64\IMG\center_2024_02_20_18_56_52_631.jpg, C:\Users\Shreyas Rawat\Downloads\simulator-windows-64\IMG\left_2024_02_20_18_56_52_631.jpg, C:\Users\Shreyas Rawat\Downloads\simulator-windows-64\IMG\right_2024_02_20_18_56_52_631.jpg, -0.2827851, 1, 0, 30.17198
C:\Users\Shreyas Rawat\Downloads\simulator-windows-64\IMG\center_2024_02_20_18_56_52_737.jpg, C:\Users\Shreyas Rawat\Downloads\simulator-windows-64\IMG\left_2024_02_20_18_56_52_737.jpg, C:\Users\Shreyas Rawat\Downloads\simulator-windows-64\IMG\right_2024_02_20_18_56_52_737.jpg, 0, 1, 0, 30.18895
C:\Users\Shreyas Rawat\Downloads\simulator-windows-64\IMG\center_2024_02_20_18_56_52_840.jpg, C:\Users\Shreyas Rawat\Downloads\simulator-windows-64\IMG\left_2024_02_20_18_56_52_840.jpg, C:\Users\Shreyas Rawat\Downloads\simulator-windows-64\IMG\right_2024_02_20_18_56_52_840.jpg, -0.09102509, 1, 0, 30.18966
C:\Users\Shreyas Rawat\Downloads\simulator-windows-64\IMG\center_2024_02_20_18_56_52_946.jpg, C:\Users\Shreyas Rawat\Downloads\simulator-windows-64\IMG\left_2024_02_20_18_56_52_946.jpg, C:\Users\Shreyas Rawat\Downloads\simulator-windows-64\IMG\right_2024_02_20_18_56_52_946.jpg, -0.384786, 1, 0, 30.16039
C:\Users\Shreyas Rawat\Downloads\simulator-windows-64\IMG\center_2024_02_20_18_56_53_052.jpg, C:\Users\Shreyas Rawat\Downloads\simulator-windows-64\IMG\left_2024_02_20_18_56_53_052.jpg, C:\Users\Shreyas Rawat\Downloads\simulator-windows-64\IMG\right_2024_02_20_18_56_53_052.jpg, -0.1258647, 1, 0, 30.19211
C:\Users\Shreyas Rawat\Downloads\simulator-windows-64\IMG\center_2024_02_20_18_56_53_162.jpg, C:\Users\Shreyas Rawat\Downloads\simulator-windows-64\IMG\left_2024_02_20_18_56_53_162.jpg, C:\Users\Shreyas Rawat\Downloads\simulator-windows-64\IMG\right_2024_02_20_18_56_53_162.jpg, 0, 1, 0, 30.18967
C:\Users\Shreyas Rawat\Downloads\simulator-windows-64\IMG\center_2024_02_20_18_56_53_273.jpg, C:\Users\Shreyas Rawat\Downloads\simulator-windows-64\IMG\left_2024_02_20_18_56_53_273.jpg, C:\Users\Shreyas Rawat\Downloads\simulator-windows-64\IMG\right_2024_02_20_18_56_53_273.jpg, -0.297099, 1, 0, 30.17299
C:\Users\Shreyas Rawat\Downloads\simulator-windows-64\IMG\center_2024_02_20_18_56_53_378.jpg, C:\Users\Shreyas Rawat\Downloads\simulator-windows-64\IMG\left_2024_02_20_18_56_53_378.jpg, C:\Users\Shreyas Rawat\Downloads\simulator-windows-64\IMG\right_2024_02_20_18_56_53_378.jpg, -0.3521232, 1, 0, 30.18187
C:\Users\Shreyas Rawat\Downloads\simulator-windows-64\IMG\center_2024_02_20_18_56_53_488.jpg, C:\Users\Shreyas Rawat\Downloads\simulator-windows-64\IMG\left_2024_02_20_18_56_53_488.jpg, C:\Users\Shreyas Rawat\Downloads\simulator-windows-64\IMG\right_2024_02_20_18_56_53_488.jpg, -0.05477815, 1, 0, 30.19081
C:\Users\Shreyas Rawat\Downloads\simulator-windows-64\IMG\center_2024_02_20_18_56_53_588.jpg, C:\Users\Shreyas Rawat\Downloads\simulator-windows-64\IMG\left_2024_02_20_18_56_53_588.jpg, C:\Users\Shreyas Rawat\Downloads\simulator-windows-64\IMG\right_2024_02_20_18_56_53_588.jpg, 0, 1, 0, 30.18952
C:\Users\Shreyas Rawat\Downloads\simulator-windows-64\IMG\center_2024_02_20_18_56_53_693.jpg, C:\Users\Shreyas Rawat\Downloads\simulator-windows-64\IMG\left_2024_02_20_18_56_53_693.jpg, C:\Users\Shreyas Rawat\Downloads\simulator-windows-64\IMG\right_2024_02_20_18_56_53_693.jpg, 0, 1, 0, 30.19013
C:\Users\Shreyas Rawat\Downloads\simulator-windows-64\IMG\center_2024_02_20_18_56_53_794.jpg, C:\Users\Shreyas Rawat\Downloads\simulator-windows-64\IMG\left_2024_02_20_18_56_53_794.jpg, C:\Users\Shreyas Rawat\Downloads\simulator-windows-64\IMG\right_2024_02_20_18_56_53_794.jpg, 0, 1, 0, 30.1903
C:\Users\Shreyas Rawat\Downloads\simulator-windows-64\IMG\center_2024_02_20_18_56_53_895.jpg, C:\Users\Shreyas Rawat\Downloads\simulator-windows-64\IMG\left_2024_02_20_18_56_53_895.jpg, C:\Users\Shreyas Rawat\Downloads\simulator-windows-64\IMG\right_2024_02_20_18_56_53_895.jpg, 0, 1, 0, 30.19034
C:\Users\Shreyas Rawat\Downloads\simulator-windows-64\IMG\center_2024_02_20_18_56_54_003.jpg, C:\Users\Shreyas Rawat\Downloads\simulator-windows-64\IMG\left_2024_02_20_18_56_54_003.jpg, C:\Users\Shreyas Rawat\Downloads\simulator-windows-64\IMG\right_2024_02_20_18_56_54_003.jpg, 0, 1, 0, 30.19029
C:\Users\Shreyas Rawat\Downloads\simulator-windows-64\IMG\center_2024_02_20_18_56_54_104.jpg, C:\Users\Shreyas Rawat\Downloads\simulator-windows-64\IMG\left_2024_02_20_18_56_54_104.jpg, C:\Users\Shreyas Rawat\Downloads\simulator-windows-64\IMG\right_2024_02_20_18_56_54_104.jpg, -0.1897239, 1, 0, 30.17975
C:\Users\Shreyas Rawat\Downloads\simulator-windows-64\IMG\center_2024_02_20_18_56_54_205.jpg, C:\Users\Shreyas Rawat\Downloads\simulator-windows-64\IMG\left_2024_02_20_18_56_54_205.jpg, C:\Users\Shreyas Rawat\Downloads\simulator-windows-64\IMG\right_2024_02_20_18_56_54_205.jpg, -0.03183452, 1, 0, 30.19067
C:\Users\Shreyas Rawat\Downloads\simulator-windows-64\IMG\center_2024_02_20_18_56_54_309.jpg, C:\Users\Shreyas Rawat\Downloads\simulator-windows-64\IMG\left_2024_02_20_18_56_54_309.jpg, C:\Users\Shreyas Rawat\Downloads\simulator-windows-64\IMG\right_2024_02_20_18_56_54_309.jpg, 0, 1, 0, 30.19011
C:\Users\Shreyas Rawat\Downloads\simulator-windows-64\IMG\center_2024_02_20_18_56_54_416.jpg, C:\Users\Shreyas Rawat\Downloads\simulator-windows-64\IMG\left_2024_02_20_18_56_54_416.jpg, C:\Users\Shreyas Rawat\Downloads\simulator-windows-64\IMG\right_2024_02_20_18_56_54_416.jpg, 0, 1, 0, 30.19027
C:\Users\Shreyas Rawat\Downloads\simulator-windows-64\IMG\center_2024_02_20_18_56_54_519.jpg, C:\Users\Shreyas Rawat\Downloads\simulator-windows-64\IMG\left_2024_02_20_18_56_54_519.jpg, C:\Users\Shreyas Rawat\Downloads\simulator-windows-64\IMG\right_2024_02_20_18_56_54_519.jpg, 0, 1, 0, 30.18984
C:\Users\Shreyas Rawat\Downloads\simulator-windows-64\IMG\center_2024_02_20_18_56_54_620.jpg, C:\Users\Shreyas Rawat\Downloads\simulator-windows-64\IMG\left_2024_02_20_18_56_54_620.jpg, C:\Users\Shreyas Rawat\Downloads\simulator-windows-64\IMG\right_2024_02_20_18_56_54_620.jpg, 0, 1, 0, 30.19014
C:\Users\Shreyas Rawat\Downloads\simulator-windows-64\IMG\center_2024_02_20_18_56_54_726.jpg, C:\Users\Shreyas Rawat\Downloads\simulator-windows-64\IMG\left_2024_02_20_18_56_54_726.jpg, C:\Users\Shreyas Rawat\Downloads\simulator-windows-64\IMG\right_2024_02_20_18_56_54_726.jpg, 0, 1, 0, 30.18828
C:\Users\Shreyas Rawat\Downloads\simulator-windows-64\IMG\center_2024_02_20_18_56_54_830.jpg, C:\Users\Shreyas Rawat\Downloads\simulator-windows-64\IMG\left_2024_02_20_18_56_54_830.jpg, C:\Users\Shreyas Rawat\Downloads\simulator-windows-64\IMG\right_2024_02_20_18_56_54_830.jpg, 0, 1, 0, 30.19028
C:\Users\Shreyas Rawat\Downloads\simulator-windows-64\IMG\center_2024_02_20_18_56_54_930.jpg, C:\Users\Shreyas Rawat\Downloads\simulator-windows-64\IMG\left_2024_02_20_18_56_54_930.jpg, C:\Users\Shreyas Rawat\Downloads\simulator-windows-64\IMG\right_2024_02_20_18_56_54_930.jpg, 0, 1, 0, 30.19028
C:\Users\Shreyas Rawat\Downloads\simulator-windows-64\IMG\center_2024_02_20_18_56_55_038.jpg, C:\Users\Shreyas Rawat\Downloads\simulator-windows-64\IMG\left_2024_02_20_18_56_55_038.jpg, C:\Users\Shreyas Rawat\Downloads\simulator-windows-64\IMG\right_2024_02_20_18_56_55_038.jpg, -0.139818, 1, 0, 30.18474
C:\Users\Shreyas Rawat\Downloads\simulator-windows-64\IMG\center_2024_02_20_18_56_55_139.jpg, C:\Users\Shreyas Rawat\Downloads\simulator-windows-64\IMG\left_2024_02_20_18_56_55_139.jpg, C:\Users\Shreyas Rawat\Downloads\simulator-windows-64\IMG\right_2024_02_20_18_56_55_139.jpg, -0.2928159, 1, 0, 30.17554
C:\Users\Shreyas Rawat\Downloads\simulator-windows-64\IMG\center_2024_02_20_18_56_55_247.jpg, C:\Users\Shreyas Rawat\Downloads\simulator-windows-64\IMG\left_2024_02_20_18_56_55_247.jpg, C:\Users\Shreyas Rawat\Downloads\simulator-windows-64\IMG\right_2024_02_20_18_56_55_247.jpg, -0.006568819, 1, 0, 30.18863
C:\Users\Shreyas Rawat\Downloads\simulator-windows-64\IMG\center_2024_02_20_18_56_55_355.jpg, C:\Users\Shreyas Rawat\Downloads\simulator-windows-64\IMG\left_2024_02_20_18_56_55_355.jpg, C:\Users\Shreyas Rawat\Downloads\simulator-windows-64\IMG\right_2024_02_20_18_56_55_355.jpg, 0, 1, 0, 30.19008
C:\Users\Shreyas Rawat\Downloads\simulator-windows-64\IMG\center_2024_02_20_18_56_55_461.jpg, C:\Users\Shreyas Rawat\Downloads\simulator-windows-64\IMG\left_2024_02_20_18_56_55_461.jpg, C:\Users\Shreyas Rawat\Downloads\simulator-windows-64\IMG\right_2024_02_20_18_56_55_461.jpg, -0.164973, 1, 0, 30.18495
C:\Users\Shreyas Rawat\Downloads\simulator-windows-64\IMG\center_2024_02_20_18_56_55_565.jpg, C:\Users\Shreyas Rawat\Downloads\simulator-windows-64\IMG\left_2024_02_20_18_56_55_565.jpg, C:\Users\Shreyas Rawat\Downloads\simulator-windows-64\IMG\right_2024_02_20_18_56_55_565.jpg, 0, 1, 0, 30.19011
C:\Users\Shreyas Rawat\Downloads\simulator-windows-64\IMG\center_2024_02_20_18_56_55_673.jpg, C:\Users\Shreyas Rawat\Downloads\simulator-windows-64\IMG\left_2024_02_20_18_56_55_673.jpg, C:\Users\Shreyas Rawat\Downloads\simulator-windows-64\IMG\right_2024_02_20_18_56_55_673.jpg, 0, 1, 0, 30.19128
C:\Users\Shreyas Rawat\Downloads\simulator-windows-64\IMG\center_2024_02_20_18_56_55_781.jpg, C:\Users\Shreyas Rawat\Downloads\simulator-windows-64\IMG\left_2024_02_20_18_56_55_781.jpg, C:\Users\Shreyas Rawat\Downloads\simulator-windows-64\IMG\right_2024_02_20_18_56_55_781.jpg, 0, 1, 0, 30.19028
C:\Users\Shreyas Rawat\Downloads\simulator-windows-64\IMG\center_2024_02_20_18_56_55_882.jpg, C:\Users\Shreyas Rawat\Downloads\simulator-windows-64\IMG\left_2024_02_20_18_56_55_882.jpg, C:\Users\Shreyas Rawat\Downloads\simulator-windows-64\IMG\right_2024_02_20_18_56_55_882.jpg, 0, 1, 0, 30.19031
C:\Users\Shreyas Rawat\Downloads\simulator-windows-64\IMG\center_2024_02_20_18_56_55_990.jpg, C:\Users\Shreyas Rawat\Downloads\simulator-windows-64\IMG\left_2024_02_20_18_56_55_990.jpg, C:\Users\Shreyas Rawat\Downloads\simulator-windows-64\IMG\right_2024_02_20_18_56_55_990.jpg, 0, 0.8093032, 0, 30.15145
C:\Users\Shreyas Rawat\Downloads\simulator-windows-64\IMG\center_2024_02_20_18_56_56_092.jpg, C:\Users\Shreyas Rawat\Downloads\simulator-windows-64\IMG\left_2024_02_20_18_56_56_092.jpg, C:\Users\Shreyas Rawat\Downloads\simulator-windows-64\IMG\right_2024_02_20_18_56_56_092.jpg, -0.0851889, 0.5022646, 0, 30.06765
C:\Users\Shreyas Rawat\Downloads\simulator-windows-64\IMG\center_2024_02_20_18_56_56_200.jpg, C:\Users\Shreyas Rawat\Downloads\simulator-windows-64\IMG\left_2024_02_20_18_56_56_200.jpg, C:\Users\Shreyas Rawat\Downloads\simulator-windows-64\IMG\right_2024_02_20_18_56_56_200.jpg, -0.4518144, 0.1356391, 0, 29.87851
C:\Users\Shreyas Rawat\Downloads\simulator-windows-64\IMG\center_2024_02_20_18_56_56_307.jpg, C:\Users\Shreyas Rawat\Downloads\simulator-windows-64\IMG\left_2024_02_20_18_56_56_307.jpg, C:\Users\Shreyas Rawat\Downloads\simulator-windows-64\IMG\right_2024_02_20_18_56_56_307.jpg, -0.3762326, 0, 0, 29.44202
C:\Users\Shreyas Rawat\Downloads\simulator-windows-64\IMG\center_2024_02_20_18_56_56_420.jpg, C:\Users\Shreyas Rawat\Downloads\simulator-windows-64\IMG\left_2024_02_20_18_56_56_420.jpg, C:\Users\Shreyas Rawat\Downloads\simulator-windows-64\IMG\right_2024_02_20_18_56_56_420.jpg, -0.03776871, 0, 0, 29.09523
C:\Users\Shreyas Rawat\Downloads\simulator-windows-64\IMG\center_2024_02_20_18_56_56_529.jpg, C:\Users\Shreyas Rawat\Downloads\simulator-windows-64\IMG\left_2024_02_20_18_56_56_529.jpg, C:\Users\Shreyas Rawat\Downloads\simulator-windows-64\IMG\right_2024_02_20_18_56_56_529.jpg, 0, 0, 0, 28.7904
C:\Users\Shreyas Rawat\Downloads\simulator-windows-64\IMG\center_2024_02_20_18_56_56_638.jpg, C:\Users\Shreyas Rawat\Downloads\simulator-windows-64\IMG\left_2024_02_20_18_56_56_638.jpg, C:\Users\Shreyas Rawat\Downloads\simulator-windows-64\IMG\right_2024_02_20_18_56_56_638.jpg, 0.0499917, 0, 0, 28.44021
C:\Users\Shreyas Rawat\Downloads\simulator-windows-64\IMG\center_2024_02_20_18_56_56_739.jpg, C:\Users\Shreyas Rawat\Downloads\simulator-windows-64\IMG\left_2024_02_20_18_56_56_739.jpg, C:\Users\Shreyas Rawat\Downloads\simulator-windows-64\IMG\right_2024_02_20_18_56_56_739.jpg, 0.1729485, 0, 0, 28.10059
C:\Users\Shreyas Rawat\Downloads\simulator-windows-64\IMG\center_2024_02_20_18_56_56_841.jpg, C:\Users\Shreyas Rawat\Downloads\simulator-windows-64\IMG\left_2024_02_20_18_56_56_841.jpg, C:\Users\Shreyas Rawat\Downloads\simulator-windows-64\IMG\right_2024_02_20_18_56_56_841.jpg, 0, 0, 0, 27.81491
C:\Users\Shreyas Rawat\Downloads\simulator-windows-64\IMG\center_2024_02_20_18_56_56_946.jpg, C:\Users\Shreyas Rawat\Downloads\simulator-windows-64\IMG\left_2024_02_20_18_56_56_946.jpg, C:\Users\Shreyas Rawat\Downloads\simulator-windows-64\IMG\right_2024_02_20_18_56_56_946.jpg, 0, 0, 0, 27.53391
C:\Users\Shreyas Rawat\Downloads\simulator-windows-64\IMG\center_2024_02_20_18_56_57_049.jpg, C:\Users\Shreyas Rawat\Downloads\simulator-windows-64\IMG\left_2024_02_20_18_56_57_049.jpg, C:\Users\Shreyas Rawat\Downloads\simulator-windows-64\IMG\right_2024_02_20_18_56_57_049.jpg, 0, 0, 0, 27.25681
C:\Users\Shreyas Rawat\Downloads\simulator-windows-64\IMG\center_2024_02_20_18_56_57_150.jpg, C:\Users\Shreyas Rawat\Downloads\simulator-windows-64\IMG\left_2024_02_20_18_56_57_150.jpg, C:\Users\Shreyas Rawat\Downloads\simulator-windows-64\IMG\right_2024_02_20_18_56_57_150.jpg, 0, 0, 0, 26.98279
C:\Users\Shreyas Rawat\Downloads\simulator-windows-64\IMG\center_2024_02_20_18_56_57_258.jpg, C:\Users\Shreyas Rawat\Downloads\simulator-windows-64\IMG\left_2024_02_20_18_56_57_258.jpg, C:\Users\Shreyas Rawat\Downloads\simulator-windows-64\IMG\right_2024_02_20_18_56_57_258.jpg, 0, 0, 0, 26.65771
C:\Users\Shreyas Rawat\Downloads\simulator-windows-64\IMG\center_2024_02_20_18_56_57_369.jpg, C:\Users\Shreyas Rawat\Downloads\simulator-windows-64\IMG\left_2024_02_20_18_56_57_369.jpg, C:\Users\Shreyas Rawat\Downloads\simulator-windows-64\IMG\right_2024_02_20_18_56_57_369.jpg, 0, 0, 0, 26.38983
